40.43656280,-79.94906160,1.000,
40.43661320,-79.94906160,1.000,
40.43666360,-79.94906160,1.000,
40.43671400,-79.94906160,1.000,
40.43701640,-79.94906160,0.997,
40.43706680,-79.94906160,0.997,
40.43711720,-79.94906160,0.998,
40.43651240,-79.94901120,1.000,
40.43656280,-79.94901120,1.000,
40.43661320,-79.94901120,1.000,
40.43666360,-79.94901120,1.000,
40.43671400,-79.94901120,1.000,
40.43676440,-79.94901120,1.000,
40.43681480,-79.94901120,1.000,
40.43686520,-79.94901120,0.999,
40.43691560,-79.94901120,0.997,
40.43696600,-79.94901120,0.995,
40.43701640,-79.94901120,0.994,
40.43706680,-79.94901120,0.994,
40.43711720,-79.94901120,0.996,
40.43716760,-79.94901120,0.998,
40.43651240,-79.94896080,1.000,
40.43656280,-79.94896080,1.000,
40.43661320,-79.94896080,1.000,
40.43666360,-79.94896080,1.000,
40.43671400,-79.94896080,1.000,
40.43676440,-79.94896080,1.000,
40.43681480,-79.94896080,0.999,
40.43686520,-79.94896080,0.998,
40.43691560,-79.94896080,0.994,
40.43696600,-79.94896080,0.990,
40.43701640,-79.94896080,0.986,
40.43706680,-79.94896080,0.987,
40.43711720,-79.94896080,0.991,
40.43716760,-79.94896080,0.996,
40.43651240,-79.94891040,1.000,
40.43656280,-79.94891040,1.000,
40.43661320,-79.94891040,1.000,
40.43666360,-79.94891040,1.000,
40.43671400,-79.94891040,1.000,
40.43676440,-79.94891040,1.000,
40.43681480,-79.94891040,0.999,
40.43686520,-79.94891040,0.995,
40.43691560,-79.94891040,0.988,
40.43696600,-79.94891040,0.979,
40.43701640,-79.94891040,0.972,
40.43706680,-79.94891040,0.974,
40.43711720,-79.94891040,0.982,
40.43716760,-79.94891040,0.991,
40.43651240,-79.94886000,1.000,
40.43656280,-79.94886000,1.000,
40.43661320,-79.94886000,1.000,
40.43666360,-79.94886000,1.000,
40.43671400,-79.94886000,1.000,
40.43676440,-79.94886000,0.999,
40.43681480,-79.94886000,0.997,
40.43686520,-79.94886000,0.991,
40.43691560,-79.94886000,0.977,
40.43696600,-79.94886000,0.960,
40.43701640,-79.94886000,0.948,
40.43706680,-79.94886000,0.950,
40.43711720,-79.94886000,0.966,
40.43716760,-79.94886000,0.983,
40.43651240,-79.94880960,1.000,
40.43656280,-79.94880960,1.000,
40.43661320,-79.94880960,1.000,
40.43666360,-79.94880960,1.000,
40.43671400,-79.94880960,1.000,
40.43676440,-79.94880960,0.999,
40.43681480,-79.94880960,0.995,
40.43686520,-79.94880960,0.983,
40.43691560,-79.94880960,0.960,
40.43696600,-79.94880960,0.929,
40.43701640,-79.94880960,0.907,
40.43706680,-79.94880960,0.912,
40.43711720,-79.94880960,0.939,
40.43716760,-79.94880960,0.969,
40.43656280,-79.94875920,1.000,
40.43661320,-79.94875920,1.000,
40.43666360,-79.94875920,1.000,
40.43671400,-79.94875920,1.000,
40.43676440,-79.94875920,0.998,
40.43681480,-79.94875920,0.992,
40.43686520,-79.94875920,0.972,
40.43691560,-79.94875920,0.933,
40.43696600,-79.94875920,0.881,
40.43701640,-79.94875920,0.846,
40.43706680,-79.94875920,0.854,
40.43711720,-79.94875920,0.898,
40.43716760,-79.94875920,0.948,
40.43661320,-79.94870880,1.000,
40.43666360,-79.94870880,1.000,
40.43671400,-79.94870880,0.999,
40.43676440,-79.94870880,0.997,
40.43681480,-79.94870880,0.986,
40.43686520,-79.94870880,0.956,
40.43691560,-79.94870880,0.895,
40.43696600,-79.94870880,0.815,
40.43701640,-79.94870880,0.761,
40.43706680,-79.94870880,0.772,
40.43711720,-79.94870880,0.841,
40.43716760,-79.94870880,0.918,
40.43666360,-79.94865840,1.000,
40.43671400,-79.94865840,0.999,
40.43676440,-79.94865840,0.995,
40.43681480,-79.94865840,0.980,
40.43686520,-79.94865840,0.935,
40.43691560,-79.94865840,0.846,
40.43696600,-79.94865840,0.731,
40.43701640,-79.94865840,0.653,
40.43706680,-79.94865840,0.668,
40.43711720,-79.94865840,0.767,
40.43666360,-79.94860800,1.000,
40.43671400,-79.94860800,0.999,
40.43676440,-79.94860800,0.993,
40.43681480,-79.94860800,0.971,
40.43686520,-79.94860800,0.909,
40.43691560,-79.94860800,0.787,
40.43696600,-79.94860800,0.632,
40.43701640,-79.94860800,0.527,
40.43706680,-79.94860800,0.548,
40.43711720,-79.94860800,0.680,
40.43671400,-79.94855760,0.998,
40.43676440,-79.94855760,0.990,
40.43681480,-79.94855760,0.960,
40.43686520,-79.94855760,0.878,
40.43691560,-79.94855760,0.722,
40.43696600,-79.94855760,0.527,
40.43701640,-79.94855760,0.395,
40.43706680,-79.94855760,0.421,
40.43711720,-79.94855760,0.587,
40.43671400,-79.94850720,0.998,
40.43676440,-79.94850720,0.987,
40.43681480,-79.94850720,0.948,
40.43686520,-79.94850720,0.846,
40.43691560,-79.94850720,0.656,
40.43696600,-79.94850720,0.425,
40.43701640,-79.94850720,0.271,
40.43706680,-79.94850720,0.302,
40.43676440,-79.94845680,0.984,
40.43681480,-79.94845680,0.935,
40.43686520,-79.94845680,0.812,
40.43691560,-79.94845680,0.594,
40.43696600,-79.94845680,0.335,
40.43701640,-79.94845680,0.168,
40.43706680,-79.94845680,0.203,
40.43676440,-79.94840640,0.980,
40.43681480,-79.94840640,0.922,
40.43686520,-79.94840640,0.780,
40.43691560,-79.94840640,0.538,
40.43696600,-79.94840640,0.263,
40.43701640,-79.94840640,0.092,
40.43706680,-79.94840640,0.132,
40.43676440,-79.94835600,0.976,
40.43681480,-79.94835600,0.908,
40.43686520,-79.94835600,0.750,
40.43691560,-79.94835600,0.490,
40.43696600,-79.94835600,0.210,
40.43701640,-79.94835600,0.045,
40.43706680,-79.94835600,0.088,
40.43676440,-79.94830560,0.972,
40.43681480,-79.94830560,0.896,
40.43686520,-79.94830560,0.723,
40.43691560,-79.94830560,0.453,
40.43696600,-79.94830560,0.175,
40.43701640,-79.94830560,0.020,
40.43706680,-79.94830560,0.067,
40.43676440,-79.94825520,0.969,
40.43681480,-79.94825520,0.886,
40.43686520,-79.94825520,0.703,
40.43691560,-79.94825520,0.425,
40.43696600,-79.94825520,0.153,
40.43701640,-79.94825520,0.010,
40.43706680,-79.94825520,0.059,
40.43676440,-79.94820480,0.967,
40.43681480,-79.94820480,0.880,
40.43686520,-79.94820480,0.690,
40.43691560,-79.94820480,0.410,
40.43696600,-79.94820480,0.142,
40.43701640,-79.94820480,0.007,
40.43706680,-79.94820480,0.056,
40.43676440,-79.94815440,0.966,
40.43681480,-79.94815440,0.879,
40.43686520,-79.94815440,0.688,
40.43691560,-79.94815440,0.408,
40.43696600,-79.94815440,0.142,
40.43701640,-79.94815440,0.007,
40.43706680,-79.94815440,0.053,
40.43676440,-79.94810400,0.967,
40.43681480,-79.94810400,0.883,
40.43686520,-79.94810400,0.696,
40.43691560,-79.94810400,0.420,
40.43696600,-79.94810400,0.152,
40.43701640,-79.94810400,0.009,
40.43706680,-79.94810400,0.048,
40.43676440,-79.94805360,0.970,
40.43681480,-79.94805360,0.891,
40.43686520,-79.94805360,0.714,
40.43691560,-79.94805360,0.444,
40.43696600,-79.94805360,0.171,
40.43701640,-79.94805360,0.014,
40.43706680,-79.94805360,0.041,
40.43676440,-79.94800320,0.973,
40.43681480,-79.94800320,0.901,
40.43686520,-79.94800320,0.736,
40.43691560,-79.94800320,0.475,
40.43696600,-79.94800320,0.197,
40.43701640,-79.94800320,0.021,
40.43706680,-79.94800320,0.034,
40.43676440,-79.94795280,0.975,
40.43681480,-79.94795280,0.911,
40.43686520,-79.94795280,0.759,
40.43691560,-79.94795280,0.509,
40.43696600,-79.94795280,0.224,
40.43701640,-79.94795280,0.030,
40.43706680,-79.94795280,0.026,
40.43676440,-79.94790240,0.977,
40.43681480,-79.94790240,0.918,
40.43686520,-79.94790240,0.779,
40.43691560,-79.94790240,0.538,
40.43696600,-79.94790240,0.250,
40.43701640,-79.94790240,0.040,
40.43706680,-79.94790240,0.019,
40.43676440,-79.94785200,0.976,
40.43681480,-79.94785200,0.920,
40.43686520,-79.94785200,0.789,
40.43691560,-79.94785200,0.559,
40.43696600,-79.94785200,0.270,
40.43701640,-79.94785200,0.049,
40.43706680,-79.94785200,0.013,
40.43676440,-79.94780160,0.971,
40.43681480,-79.94780160,0.914,
40.43686520,-79.94780160,0.787,
40.43691560,-79.94780160,0.566,
40.43696600,-79.94780160,0.283,
40.43701640,-79.94780160,0.057,
40.43706680,-79.94780160,0.008,
40.43676440,-79.94775120,0.962,
40.43681480,-79.94775120,0.897,
40.43686520,-79.94775120,0.770,
40.43691560,-79.94775120,0.557,
40.43696600,-79.94775120,0.285,
40.43701640,-79.94775120,0.064,
40.43706680,-79.94775120,0.004,
40.43676440,-79.94770080,0.946,
40.43681480,-79.94770080,0.868,
40.43686520,-79.94770080,0.733,
40.43691560,-79.94770080,0.530,
40.43696600,-79.94770080,0.277,
40.43701640,-79.94770080,0.067,
40.43706680,-79.94770080,0.002,
40.43676440,-79.94765040,0.923,
40.43681480,-79.94765040,0.824,
40.43686520,-79.94765040,0.677,
40.43691560,-79.94765040,0.484,
40.43696600,-79.94765040,0.257,
40.43701640,-79.94765040,0.067,
40.43706680,-79.94765040,0.001,
40.43711720,-79.94765040,0.052,
40.43676440,-79.94760000,0.893,
40.43681480,-79.94760000,0.765,
40.43686520,-79.94760000,0.601,
40.43691560,-79.94760000,0.419,
40.43696600,-79.94760000,0.225,
40.43701640,-79.94760000,0.064,
40.43706680,-79.94760000,0.002,
40.43711720,-79.94760000,0.031,
40.43681480,-79.94754960,0.696,
40.43686520,-79.94754960,0.508,
40.43691560,-79.94754960,0.339,
40.43696600,-79.94754960,0.183,
40.43701640,-79.94754960,0.056,
40.43706680,-79.94754960,0.003,
40.43711720,-79.94754960,0.016,
40.43681480,-79.94749920,0.620,
40.43686520,-79.94749920,0.408,
40.43691560,-79.94749920,0.250,
40.43696600,-79.94749920,0.134,
40.43701640,-79.94749920,0.043,
40.43706680,-79.94749920,0.004,
40.43711720,-79.94749920,0.007,
40.43681480,-79.94744880,0.547,
40.43686520,-79.94744880,0.310,
40.43691560,-79.94744880,0.162,
40.43696600,-79.94744880,0.082,
40.43701640,-79.94744880,0.027,
40.43706680,-79.94744880,0.003,
40.43711720,-79.94744880,0.004,
40.43686520,-79.94739840,0.229,
40.43691560,-79.94739840,0.087,
40.43696600,-79.94739840,0.037,
40.43701640,-79.94739840,0.012,
40.43706680,-79.94739840,0.002,
40.43711720,-79.94739840,0.005,
40.43686520,-79.94734800,0.177,
40.43691560,-79.94734800,0.039,
40.43696600,-79.94734800,0.008,
40.43701640,-79.94734800,0.002,
40.43706680,-79.94734800,0.002,
40.43711720,-79.94734800,0.010,
40.43691560,-79.94729760,0.030,
40.43696600,-79.94729760,0.004,
40.43701640,-79.94729760,0.006,
40.43706680,-79.94729760,0.009,
40.43711720,-79.94729760,0.023,
40.43711720,-79.94724720,0.052,
