40.43656280,-79.94906160,1.000,
40.43661320,-79.94906160,1.000,
40.43666360,-79.94906160,1.000,
40.43671400,-79.94906160,1.000,
40.43701640,-79.94906160,0.998,
40.43706680,-79.94906160,0.998,
40.43711720,-79.94906160,0.998,
40.43651240,-79.94901120,1.000,
40.43656280,-79.94901120,1.000,
40.43661320,-79.94901120,1.000,
40.43666360,-79.94901120,0.999,
40.43671400,-79.94901120,0.999,
40.43676440,-79.94901120,0.999,
40.43681480,-79.94901120,0.998,
40.43686520,-79.94901120,0.998,
40.43691560,-79.94901120,0.997,
40.43696600,-79.94901120,0.997,
40.43701640,-79.94901120,0.997,
40.43706680,-79.94901120,0.997,
40.43711720,-79.94901120,0.997,
40.43716760,-79.94901120,0.998,
40.43651240,-79.94896080,1.000,
40.43656280,-79.94896080,1.000,
40.43661320,-79.94896080,0.999,
40.43666360,-79.94896080,0.999,
40.43671400,-79.94896080,0.999,
40.43676440,-79.94896080,0.998,
40.43681480,-79.94896080,0.997,
40.43686520,-79.94896080,0.997,
40.43691560,-79.94896080,0.996,
40.43696600,-79.94896080,0.995,
40.43701640,-79.94896080,0.995,
40.43706680,-79.94896080,0.995,
40.43711720,-79.94896080,0.996,
40.43716760,-79.94896080,0.996,
40.43651240,-79.94891040,1.000,
40.43656280,-79.94891040,1.000,
40.43661320,-79.94891040,0.999,
40.43666360,-79.94891040,0.999,
40.43671400,-79.94891040,0.998,
40.43676440,-79.94891040,0.997,
40.43681480,-79.94891040,0.996,
40.43686520,-79.94891040,0.995,
40.43691560,-79.94891040,0.993,
40.43696600,-79.94891040,0.993,
40.43701640,-79.94891040,0.992,
40.43706680,-79.94891040,0.992,
40.43711720,-79.94891040,0.993,
40.43716760,-79.94891040,0.994,
40.43651240,-79.94886000,1.000,
40.43656280,-79.94886000,0.999,
40.43661320,-79.94886000,0.999,
40.43666360,-79.94886000,0.998,
40.43671400,-79.94886000,0.997,
40.43676440,-79.94886000,0.995,
40.43681480,-79.94886000,0.993,
40.43686520,-79.94886000,0.991,
40.43691560,-79.94886000,0.990,
40.43696600,-79.94886000,0.989,
40.43701640,-79.94886000,0.988,
40.43706680,-79.94886000,0.988,
40.43711720,-79.94886000,0.989,
40.43716760,-79.94886000,0.991,
40.43651240,-79.94880960,0.999,
40.43656280,-79.94880960,0.999,
40.43661320,-79.94880960,0.998,
40.43666360,-79.94880960,0.997,
40.43671400,-79.94880960,0.995,
40.43676440,-79.94880960,0.993,
40.43681480,-79.94880960,0.990,
40.43686520,-79.94880960,0.987,
40.43691560,-79.94880960,0.984,
40.43696600,-79.94880960,0.983,
40.43701640,-79.94880960,0.982,
40.43706680,-79.94880960,0.982,
40.43711720,-79.94880960,0.983,
40.43716760,-79.94880960,0.986,
40.43656280,-79.94875920,0.998,
40.43661320,-79.94875920,0.997,
40.43666360,-79.94875920,0.995,
40.43671400,-79.94875920,0.992,
40.43676440,-79.94875920,0.989,
40.43681480,-79.94875920,0.985,
40.43686520,-79.94875920,0.981,
40.43691560,-79.94875920,0.977,
40.43696600,-79.94875920,0.974,
40.43701640,-79.94875920,0.973,
40.43706680,-79.94875920,0.973,
40.43711720,-79.94875920,0.975,
40.43716760,-79.94875920,0.979,
40.43661320,-79.94870880,0.996,
40.43666360,-79.94870880,0.993,
40.43671400,-79.94870880,0.989,
40.43676440,-79.94870880,0.984,
40.43681480,-79.94870880,0.978,
40.43686520,-79.94870880,0.972,
40.43691560,-79.94870880,0.966,
40.43696600,-79.94870880,0.962,
40.43701640,-79.94870880,0.960,
40.43706680,-79.94870880,0.961,
40.43711720,-79.94870880,0.964,
40.43716760,-79.94870880,0.969,
40.43666360,-79.94865840,0.990,
40.43671400,-79.94865840,0.984,
40.43676440,-79.94865840,0.977,
40.43681480,-79.94865840,0.968,
40.43686520,-79.94865840,0.959,
40.43691560,-79.94865840,0.952,
40.43696600,-79.94865840,0.946,
40.43701640,-79.94865840,0.944,
40.43706680,-79.94865840,0.945,
40.43711720,-79.94865840,0.949,
40.43666360,-79.94860800,0.985,
40.43671400,-79.94860800,0.977,
40.43676440,-79.94860800,0.967,
40.43681480,-79.94860800,0.955,
40.43686520,-79.94860800,0.943,
40.43691560,-79.94860800,0.933,
40.43696600,-79.94860800,0.925,
40.43701640,-79.94860800,0.921,
40.43706680,-79.94860800,0.923,
40.43711720,-79.94860800,0.929,
40.43671400,-79.94855760,0.969,
40.43676440,-79.94855760,0.955,
40.43681480,-79.94855760,0.939,
40.43686520,-79.94855760,0.923,
40.43691560,-79.94855760,0.908,
40.43696600,-79.94855760,0.897,
40.43701640,-79.94855760,0.893,
40.43706680,-79.94855760,0.895,
40.43711720,-79.94855760,0.903,
40.43671400,-79.94850720,0.958,
40.43676440,-79.94850720,0.939,
40.43681480,-79.94850720,0.918,
40.43686520,-79.94850720,0.896,
40.43691560,-79.94850720,0.877,
40.43696600,-79.94850720,0.863,
40.43701640,-79.94850720,0.857,
40.43706680,-79.94850720,0.860,
40.43676440,-79.94845680,0.920,
40.43681480,-79.94845680,0.893,
40.43686520,-79.94845680,0.864,
40.43691560,-79.94845680,0.839,
40.43696600,-79.94845680,0.821,
40.43701640,-79.94845680,0.814,
40.43706680,-79.94845680,0.818,
40.43676440,-79.94840640,0.898,
40.43681480,-79.94840640,0.862,
40.43686520,-79.94840640,0.826,
40.43691560,-79.94840640,0.794,
40.43696600,-79.94840640,0.772,
40.43701640,-79.94840640,0.762,
40.43706680,-79.94840640,0.767,
40.43676440,-79.94835600,0.871,
40.43681480,-79.94835600,0.827,
40.43686520,-79.94835600,0.782,
40.43691560,-79.94835600,0.743,
40.43696600,-79.94835600,0.715,
40.43701640,-79.94835600,0.703,
40.43706680,-79.94835600,0.709,
40.43676440,-79.94830560,0.841,
40.43681480,-79.94830560,0.787,
40.43686520,-79.94830560,0.733,
40.43691560,-79.94830560,0.685,
40.43696600,-79.94830560,0.651,
40.43701640,-79.94830560,0.636,
40.43706680,-79.94830560,0.644,
40.43676440,-79.94825520,0.808,
40.43681480,-79.94825520,0.744,
40.43686520,-79.94825520,0.679,
40.43691560,-79.94825520,0.622,
40.43696600,-79.94825520,0.582,
40.43701640,-79.94825520,0.564,
40.43706680,-79.94825520,0.573,
40.43676440,-79.94820480,0.771,
40.43681480,-79.94820480,0.697,
40.43686520,-79.94820480,0.622,
40.43691560,-79.94820480,0.556,
40.43696600,-79.94820480,0.509,
40.43701640,-79.94820480,0.489,
40.43706680,-79.94820480,0.498,
40.43676440,-79.94815440,0.734,
40.43681480,-79.94815440,0.649,
40.43686520,-79.94815440,0.564,
40.43691560,-79.94815440,0.489,
40.43696600,-79.94815440,0.435,
40.43701640,-79.94815440,0.412,
40.43706680,-79.94815440,0.422,
40.43676440,-79.94810400,0.694,
40.43681480,-79.94810400,0.600,
40.43686520,-79.94810400,0.505,
40.43691560,-79.94810400,0.422,
40.43696600,-79.94810400,0.363,
40.43701640,-79.94810400,0.337,
40.43706680,-79.94810400,0.347,
40.43676440,-79.94805360,0.655,
40.43681480,-79.94805360,0.552,
40.43686520,-79.94805360,0.449,
40.43691560,-79.94805360,0.359,
40.43696600,-79.94805360,0.295,
40.43701640,-79.94805360,0.266,
40.43706680,-79.94805360,0.275,
40.43676440,-79.94800320,0.616,
40.43681480,-79.94800320,0.506,
40.43686520,-79.94800320,0.397,
40.43691560,-79.94800320,0.302,
40.43696600,-79.94800320,0.233,
40.43701640,-79.94800320,0.202,
40.43706680,-79.94800320,0.210,
40.43676440,-79.94795280,0.577,
40.43681480,-79.94795280,0.462,
40.43686520,-79.94795280,0.349,
40.43691560,-79.94795280,0.251,
40.43696600,-79.94795280,0.180,
40.43701640,-79.94795280,0.146,
40.43706680,-79.94795280,0.152,
40.43676440,-79.94790240,0.538,
40.43681480,-79.94790240,0.422,
40.43686520,-79.94790240,0.307,
40.43691560,-79.94790240,0.208,
40.43696600,-79.94790240,0.136,
40.43701640,-79.94790240,0.101,
40.43706680,-79.94790240,0.104,
40.43676440,-79.94785200,0.500,
40.43681480,-79.94785200,0.383,
40.43686520,-79.94785200,0.270,
40.43691560,-79.94785200,0.172,
40.43696600,-79.94785200,0.102,
40.43701640,-79.94785200,0.066,
40.43706680,-79.94785200,0.067,
40.43676440,-79.94780160,0.462,
40.43681480,-79.94780160,0.347,
40.43686520,-79.94780160,0.237,
40.43691560,-79.94780160,0.144,
40.43696600,-79.94780160,0.076,
40.43701640,-79.94780160,0.041,
40.43706680,-79.94780160,0.039,
40.43676440,-79.94775120,0.423,
40.43681480,-79.94775120,0.311,
40.43686520,-79.94775120,0.208,
40.43691560,-79.94775120,0.121,
40.43696600,-79.94775120,0.059,
40.43701640,-79.94775120,0.025,
40.43706680,-79.94775120,0.020,
40.43676440,-79.94770080,0.382,
40.43681480,-79.94770080,0.277,
40.43686520,-79.94770080,0.181,
40.43691560,-79.94770080,0.103,
40.43696600,-79.94770080,0.047,
40.43701640,-79.94770080,0.015,
40.43706680,-79.94770080,0.009,
40.43676440,-79.94765040,0.341,
40.43681480,-79.94765040,0.242,
40.43686520,-79.94765040,0.156,
40.43691560,-79.94765040,0.087,
40.43696600,-79.94765040,0.039,
40.43701640,-79.94765040,0.011,
40.43706680,-79.94765040,0.003,
40.43711720,-79.94765040,0.013,
40.43676440,-79.94760000,0.299,
40.43681480,-79.94760000,0.206,
40.43686520,-79.94760000,0.130,
40.43691560,-79.94760000,0.072,
40.43696600,-79.94760000,0.032,
40.43701640,-79.94760000,0.009,
40.43706680,-79.94760000,0.001,
40.43711720,-79.94760000,0.007,
40.43681480,-79.94754960,0.171,
40.43686520,-79.94754960,0.105,
40.43691560,-79.94754960,0.058,
40.43696600,-79.94754960,0.026,
40.43701640,-79.94754960,0.008,
40.43706680,-79.94754960,0.001,
40.43711720,-79.94754960,0.004,
40.43681480,-79.94749920,0.138,
40.43686520,-79.94749920,0.081,
40.43691560,-79.94749920,0.043,
40.43696600,-79.94749920,0.020,
40.43701640,-79.94749920,0.007,
40.43706680,-79.94749920,0.001,
40.43711720,-79.94749920,0.002,
40.43681480,-79.94744880,0.107,
40.43686520,-79.94744880,0.058,
40.43691560,-79.94744880,0.029,
40.43696600,-79.94744880,0.013,
40.43701640,-79.94744880,0.005,
40.43706680,-79.94744880,0.001,
40.43711720,-79.94744880,0.002,
40.43686520,-79.94739840,0.039,
40.43691560,-79.94739840,0.016,
40.43696600,-79.94739840,0.007,
40.43701640,-79.94739840,0.003,
40.43706680,-79.94739840,0.001,
40.43711720,-79.94739840,0.002,
40.43686520,-79.94734800,0.025,
40.43691560,-79.94734800,0.008,
40.43696600,-79.94734800,0.002,
40.43701640,-79.94734800,0.001,
40.43706680,-79.94734800,0.001,
40.43711720,-79.94734800,0.004,
40.43691560,-79.94729760,0.005,
40.43696600,-79.94729760,0.002,
40.43701640,-79.94729760,0.002,
40.43706680,-79.94729760,0.003,
40.43711720,-79.94729760,0.008,
40.43711720,-79.94724720,0.016,
