40.43656280,-79.94906160,0.629,
40.43661320,-79.94906160,0.629,
40.43666360,-79.94906160,0.629,
40.43671400,-79.94906160,0.630,
40.43701640,-79.94906160,0.131,
40.43706680,-79.94906160,0.081,
40.43711720,-79.94906160,0.034,
40.43651240,-79.94901120,0.629,
40.43656280,-79.94901120,0.629,
40.43661320,-79.94901120,0.629,
40.43666360,-79.94901120,0.629,
40.43671400,-79.94901120,0.628,
40.43676440,-79.94901120,0.648,
40.43681480,-79.94901120,0.872,
40.43686520,-79.94901120,0.988,
40.43691560,-79.94901120,0.915,
40.43696600,-79.94901120,0.465,
40.43701640,-79.94901120,0.116,
40.43706680,-79.94901120,0.068,
40.43711720,-79.94901120,0.026,
40.43716760,-79.94901120,0.077,
40.43651240,-79.94896080,0.629,
40.43656280,-79.94896080,0.629,
40.43661320,-79.94896080,0.629,
40.43666360,-79.94896080,0.629,
40.43671400,-79.94896080,0.629,
40.43676440,-79.94896080,0.638,
40.43681480,-79.94896080,0.807,
40.43686520,-79.94896080,0.978,
40.43691560,-79.94896080,0.913,
40.43696600,-79.94896080,0.454,
40.43701640,-79.94896080,0.102,
40.43706680,-79.94896080,0.057,
40.43711720,-79.94896080,0.019,
40.43716760,-79.94896080,0.076,
40.43651240,-79.94891040,0.629,
40.43656280,-79.94891040,0.629,
40.43661320,-79.94891040,0.629,
40.43666360,-79.94891040,0.629,
40.43671400,-79.94891040,0.629,
40.43676440,-79.94891040,0.634,
40.43681480,-79.94891040,0.745,
40.43686520,-79.94891040,0.960,
40.43691560,-79.94891040,0.909,
40.43696600,-79.94891040,0.445,
40.43701640,-79.94891040,0.089,
40.43706680,-79.94891040,0.046,
40.43711720,-79.94891040,0.013,
40.43716760,-79.94891040,0.077,
40.43651240,-79.94886000,0.629,
40.43656280,-79.94886000,0.629,
40.43661320,-79.94886000,0.629,
40.43666360,-79.94886000,0.629,
40.43671400,-79.94886000,0.629,
40.43676440,-79.94886000,0.631,
40.43681480,-79.94886000,0.698,
40.43686520,-79.94886000,0.930,
40.43691560,-79.94886000,0.905,
40.43696600,-79.94886000,0.436,
40.43701640,-79.94886000,0.077,
40.43706680,-79.94886000,0.036,
40.43711720,-79.94886000,0.009,
40.43716760,-79.94886000,0.080,
40.43651240,-79.94880960,0.629,
40.43656280,-79.94880960,0.629,
40.43661320,-79.94880960,0.629,
40.43666360,-79.94880960,0.629,
40.43671400,-79.94880960,0.629,
40.43676440,-79.94880960,0.629,
40.43681480,-79.94880960,0.666,
40.43686520,-79.94880960,0.885,
40.43691560,-79.94880960,0.898,
40.43696600,-79.94880960,0.427,
40.43701640,-79.94880960,0.066,
40.43706680,-79.94880960,0.029,
40.43711720,-79.94880960,0.006,
40.43716760,-79.94880960,0.084,
40.43656280,-79.94875920,0.629,
40.43661320,-79.94875920,0.629,
40.43666360,-79.94875920,0.629,
40.43671400,-79.94875920,0.629,
40.43676440,-79.94875920,0.628,
40.43681480,-79.94875920,0.645,
40.43686520,-79.94875920,0.827,
40.43691560,-79.94875920,0.885,
40.43696600,-79.94875920,0.420,
40.43701640,-79.94875920,0.056,
40.43706680,-79.94875920,0.022,
40.43711720,-79.94875920,0.005,
40.43716760,-79.94875920,0.090,
40.43661320,-79.94870880,0.629,
40.43666360,-79.94870880,0.629,
40.43671400,-79.94870880,0.628,
40.43676440,-79.94870880,0.627,
40.43681480,-79.94870880,0.631,
40.43686520,-79.94870880,0.763,
40.43691560,-79.94870880,0.865,
40.43696600,-79.94870880,0.412,
40.43701640,-79.94870880,0.048,
40.43706680,-79.94870880,0.016,
40.43711720,-79.94870880,0.006,
40.43716760,-79.94870880,0.098,
40.43666360,-79.94865840,0.629,
40.43671400,-79.94865840,0.628,
40.43676440,-79.94865840,0.624,
40.43681480,-79.94865840,0.620,
40.43686520,-79.94865840,0.702,
40.43691560,-79.94865840,0.833,
40.43696600,-79.94865840,0.405,
40.43701640,-79.94865840,0.040,
40.43706680,-79.94865840,0.012,
40.43711720,-79.94865840,0.008,
40.43666360,-79.94860800,0.629,
40.43671400,-79.94860800,0.628,
40.43676440,-79.94860800,0.623,
40.43681480,-79.94860800,0.611,
40.43686520,-79.94860800,0.647,
40.43691560,-79.94860800,0.787,
40.43696600,-79.94860800,0.396,
40.43701640,-79.94860800,0.034,
40.43706680,-79.94860800,0.010,
40.43711720,-79.94860800,0.012,
40.43671400,-79.94855760,0.628,
40.43676440,-79.94855760,0.621,
40.43681480,-79.94855760,0.602,
40.43686520,-79.94855760,0.601,
40.43691560,-79.94855760,0.725,
40.43696600,-79.94855760,0.384,
40.43701640,-79.94855760,0.029,
40.43706680,-79.94855760,0.008,
40.43711720,-79.94855760,0.017,
40.43671400,-79.94850720,0.627,
40.43676440,-79.94850720,0.619,
40.43681480,-79.94850720,0.593,
40.43686520,-79.94850720,0.562,
40.43691560,-79.94850720,0.652,
40.43696600,-79.94850720,0.368,
40.43701640,-79.94850720,0.024,
40.43706680,-79.94850720,0.007,
40.43676440,-79.94845680,0.616,
40.43681480,-79.94845680,0.583,
40.43686520,-79.94845680,0.529,
40.43691560,-79.94845680,0.575,
40.43696600,-79.94845680,0.346,
40.43701640,-79.94845680,0.020,
40.43706680,-79.94845680,0.008,
40.43676440,-79.94840640,0.613,
40.43681480,-79.94840640,0.573,
40.43686520,-79.94840640,0.499,
40.43691560,-79.94840640,0.501,
40.43696600,-79.94840640,0.320,
40.43701640,-79.94840640,0.016,
40.43706680,-79.94840640,0.009,
40.43676440,-79.94835600,0.610,
40.43681480,-79.94835600,0.563,
40.43686520,-79.94835600,0.472,
40.43691560,-79.94835600,0.435,
40.43696600,-79.94835600,0.290,
40.43701640,-79.94835600,0.014,
40.43706680,-79.94835600,0.012,
40.43676440,-79.94830560,0.607,
40.43681480,-79.94830560,0.554,
40.43686520,-79.94830560,0.450,
40.43691560,-79.94830560,0.380,
40.43696600,-79.94830560,0.258,
40.43701640,-79.94830560,0.012,
40.43706680,-79.94830560,0.017,
40.43676440,-79.94825520,0.605,
40.43681480,-79.94825520,0.546,
40.43686520,-79.94825520,0.434,
40.43691560,-79.94825520,0.338,
40.43696600,-79.94825520,0.228,
40.43701640,-79.94825520,0.012,
40.43706680,-79.94825520,0.023,
40.43676440,-79.94820480,0.603,
40.43681480,-79.94820480,0.543,
40.43686520,-79.94820480,0.424,
40.43691560,-79.94820480,0.309,
40.43696600,-79.94820480,0.202,
40.43701640,-79.94820480,0.013,
40.43706680,-79.94820480,0.029,
40.43676440,-79.94815440,0.603,
40.43681480,-79.94815440,0.543,
40.43686520,-79.94815440,0.423,
40.43691560,-79.94815440,0.294,
40.43696600,-79.94815440,0.184,
40.43701640,-79.94815440,0.015,
40.43706680,-79.94815440,0.035,
40.43676440,-79.94810400,0.604,
40.43681480,-79.94810400,0.546,
40.43686520,-79.94810400,0.428,
40.43691560,-79.94810400,0.292,
40.43696600,-79.94810400,0.173,
40.43701640,-79.94810400,0.017,
40.43706680,-79.94810400,0.041,
40.43676440,-79.94805360,0.606,
40.43681480,-79.94805360,0.551,
40.43686520,-79.94805360,0.439,
40.43691560,-79.94805360,0.299,
40.43696600,-79.94805360,0.170,
40.43701640,-79.94805360,0.021,
40.43706680,-79.94805360,0.045,
40.43676440,-79.94800320,0.608,
40.43681480,-79.94800320,0.558,
40.43686520,-79.94800320,0.453,
40.43691560,-79.94800320,0.312,
40.43696600,-79.94800320,0.174,
40.43701640,-79.94800320,0.025,
40.43706680,-79.94800320,0.049,
40.43676440,-79.94795280,0.610,
40.43681480,-79.94795280,0.565,
40.43686520,-79.94795280,0.467,
40.43691560,-79.94795280,0.328,
40.43696600,-79.94795280,0.181,
40.43701640,-79.94795280,0.031,
40.43706680,-79.94795280,0.052,
40.43676440,-79.94790240,0.611,
40.43681480,-79.94790240,0.569,
40.43686520,-79.94790240,0.478,
40.43691560,-79.94790240,0.342,
40.43696600,-79.94790240,0.189,
40.43701640,-79.94790240,0.037,
40.43706680,-79.94790240,0.056,
40.43676440,-79.94785200,0.610,
40.43681480,-79.94785200,0.570,
40.43686520,-79.94785200,0.484,
40.43691560,-79.94785200,0.351,
40.43696600,-79.94785200,0.196,
40.43701640,-79.94785200,0.043,
40.43706680,-79.94785200,0.059,
40.43676440,-79.94780160,0.607,
40.43681480,-79.94780160,0.566,
40.43686520,-79.94780160,0.482,
40.43691560,-79.94780160,0.354,
40.43696600,-79.94780160,0.201,
40.43701640,-79.94780160,0.050,
40.43706680,-79.94780160,0.062,
40.43676440,-79.94775120,0.600,
40.43681480,-79.94775120,0.554,
40.43686520,-79.94775120,0.470,
40.43691560,-79.94775120,0.347,
40.43696600,-79.94775120,0.201,
40.43701640,-79.94775120,0.056,
40.43706680,-79.94775120,0.067,
40.43676440,-79.94770080,0.589,
40.43681480,-79.94770080,0.534,
40.43686520,-79.94770080,0.447,
40.43691560,-79.94770080,0.331,
40.43696600,-79.94770080,0.197,
40.43701640,-79.94770080,0.061,
40.43706680,-79.94770080,0.073,
40.43676440,-79.94765040,0.573,
40.43681480,-79.94765040,0.505,
40.43686520,-79.94765040,0.411,
40.43691560,-79.94765040,0.303,
40.43696600,-79.94765040,0.187,
40.43701640,-79.94765040,0.066,
40.43706680,-79.94765040,0.081,
40.43711720,-79.94765040,0.152,
40.43676440,-79.94760000,0.552,
40.43681480,-79.94760000,0.468,
40.43686520,-79.94760000,0.364,
40.43691560,-79.94760000,0.265,
40.43696600,-79.94760000,0.173,
40.43701640,-79.94760000,0.069,
40.43706680,-79.94760000,0.091,
40.43711720,-79.94760000,0.157,
40.43681480,-79.94754960,0.423,
40.43686520,-79.94754960,0.307,
40.43691560,-79.94754960,0.219,
40.43696600,-79.94754960,0.154,
40.43701640,-79.94754960,0.073,
40.43706680,-79.94754960,0.102,
40.43711720,-79.94754960,0.167,
40.43681480,-79.94749920,0.375,
40.43686520,-79.94749920,0.246,
40.43691560,-79.94749920,0.168,
40.43696600,-79.94749920,0.134,
40.43701640,-79.94749920,0.076,
40.43706680,-79.94749920,0.116,
40.43711720,-79.94749920,0.182,
40.43681480,-79.94744880,0.329,
40.43686520,-79.94744880,0.187,
40.43691560,-79.94744880,0.119,
40.43696600,-79.94744880,0.115,
40.43701640,-79.94744880,0.080,
40.43706680,-79.94744880,0.133,
40.43711720,-79.94744880,0.202,
40.43686520,-79.94739840,0.138,
40.43691560,-79.94739840,0.080,
40.43696600,-79.94739840,0.103,
40.43701640,-79.94739840,0.087,
40.43706680,-79.94739840,0.152,
40.43711720,-79.94739840,0.228,
40.43686520,-79.94734800,0.108,
40.43691560,-79.94734800,0.057,
40.43696600,-79.94734800,0.102,
40.43701640,-79.94734800,0.100,
40.43706680,-79.94734800,0.175,
40.43711720,-79.94734800,0.258,
40.43691560,-79.94729760,0.059,
40.43696600,-79.94729760,0.119,
40.43701640,-79.94729760,0.122,
40.43706680,-79.94729760,0.203,
40.43711720,-79.94729760,0.294,
40.43711720,-79.94724720,0.335,
