40.43656280,-79.94906160,1.000,
40.43661320,-79.94906160,1.000,
40.43666360,-79.94906160,1.000,
40.43671400,-79.94906160,1.000,
40.43701640,-79.94906160,1.000,
40.43706680,-79.94906160,1.000,
40.43711720,-79.94906160,1.000,
40.43651240,-79.94901120,1.000,
40.43656280,-79.94901120,1.000,
40.43661320,-79.94901120,1.000,
40.43666360,-79.94901120,1.000,
40.43671400,-79.94901120,1.000,
40.43676440,-79.94901120,1.000,
40.43681480,-79.94901120,1.000,
40.43686520,-79.94901120,1.000,
40.43691560,-79.94901120,1.000,
40.43696600,-79.94901120,1.000,
40.43701640,-79.94901120,1.000,
40.43706680,-79.94901120,1.000,
40.43711720,-79.94901120,1.000,
40.43716760,-79.94901120,1.000,
40.43651240,-79.94896080,1.000,
40.43656280,-79.94896080,1.000,
40.43661320,-79.94896080,1.000,
40.43666360,-79.94896080,1.000,
40.43671400,-79.94896080,1.000,
40.43676440,-79.94896080,1.000,
40.43681480,-79.94896080,1.000,
40.43686520,-79.94896080,1.000,
40.43691560,-79.94896080,1.000,
40.43696600,-79.94896080,1.000,
40.43701640,-79.94896080,1.000,
40.43706680,-79.94896080,1.000,
40.43711720,-79.94896080,1.000,
40.43716760,-79.94896080,1.000,
40.43651240,-79.94891040,1.000,
40.43656280,-79.94891040,1.000,
40.43661320,-79.94891040,1.000,
40.43666360,-79.94891040,1.000,
40.43671400,-79.94891040,1.000,
40.43676440,-79.94891040,1.000,
40.43681480,-79.94891040,1.000,
40.43686520,-79.94891040,1.000,
40.43691560,-79.94891040,0.999,
40.43696600,-79.94891040,0.999,
40.43701640,-79.94891040,0.999,
40.43706680,-79.94891040,0.999,
40.43711720,-79.94891040,0.999,
40.43716760,-79.94891040,0.999,
40.43651240,-79.94886000,1.000,
40.43656280,-79.94886000,1.000,
40.43661320,-79.94886000,1.000,
40.43666360,-79.94886000,1.000,
40.43671400,-79.94886000,1.000,
40.43676440,-79.94886000,1.000,
40.43681480,-79.94886000,0.999,
40.43686520,-79.94886000,0.999,
40.43691560,-79.94886000,0.999,
40.43696600,-79.94886000,0.998,
40.43701640,-79.94886000,0.998,
40.43706680,-79.94886000,0.998,
40.43711720,-79.94886000,0.998,
40.43716760,-79.94886000,0.999,
40.43651240,-79.94880960,1.000,
40.43656280,-79.94880960,1.000,
40.43661320,-79.94880960,1.000,
40.43666360,-79.94880960,1.000,
40.43671400,-79.94880960,1.000,
40.43676440,-79.94880960,0.999,
40.43681480,-79.94880960,0.999,
40.43686520,-79.94880960,0.998,
40.43691560,-79.94880960,0.997,
40.43696600,-79.94880960,0.996,
40.43701640,-79.94880960,0.995,
40.43706680,-79.94880960,0.996,
40.43711720,-79.94880960,0.996,
40.43716760,-79.94880960,0.997,
40.43656280,-79.94875920,1.000,
40.43661320,-79.94875920,1.000,
40.43666360,-79.94875920,1.000,
40.43671400,-79.94875920,0.999,
40.43676440,-79.94875920,0.999,
40.43681480,-79.94875920,0.997,
40.43686520,-79.94875920,0.996,
40.43691560,-79.94875920,0.994,
40.43696600,-79.94875920,0.992,
40.43701640,-79.94875920,0.991,
40.43706680,-79.94875920,0.991,
40.43711720,-79.94875920,0.992,
40.43716760,-79.94875920,0.994,
40.43661320,-79.94870880,1.000,
40.43666360,-79.94870880,1.000,
40.43671400,-79.94870880,0.999,
40.43676440,-79.94870880,0.997,
40.43681480,-79.94870880,0.995,
40.43686520,-79.94870880,0.992,
40.43691560,-79.94870880,0.987,
40.43696600,-79.94870880,0.984,
40.43701640,-79.94870880,0.982,
40.43706680,-79.94870880,0.982,
40.43711720,-79.94870880,0.984,
40.43716760,-79.94870880,0.988,
40.43666360,-79.94865840,0.999,
40.43671400,-79.94865840,0.998,
40.43676440,-79.94865840,0.995,
40.43681480,-79.94865840,0.991,
40.43686520,-79.94865840,0.984,
40.43691560,-79.94865840,0.977,
40.43696600,-79.94865840,0.970,
40.43701640,-79.94865840,0.966,
40.43706680,-79.94865840,0.966,
40.43711720,-79.94865840,0.971,
40.43666360,-79.94860800,0.999,
40.43671400,-79.94860800,0.996,
40.43676440,-79.94860800,0.992,
40.43681480,-79.94860800,0.984,
40.43686520,-79.94860800,0.972,
40.43691560,-79.94860800,0.959,
40.43696600,-79.94860800,0.947,
40.43701640,-79.94860800,0.940,
40.43706680,-79.94860800,0.941,
40.43711720,-79.94860800,0.949,
40.43671400,-79.94855760,0.994,
40.43676440,-79.94855760,0.986,
40.43681480,-79.94855760,0.972,
40.43686520,-79.94855760,0.953,
40.43691560,-79.94855760,0.931,
40.43696600,-79.94855760,0.911,
40.43701640,-79.94855760,0.899,
40.43706680,-79.94855760,0.901,
40.43711720,-79.94855760,0.915,
40.43671400,-79.94850720,0.990,
40.43676440,-79.94850720,0.978,
40.43681480,-79.94850720,0.956,
40.43686520,-79.94850720,0.926,
40.43691560,-79.94850720,0.891,
40.43696600,-79.94850720,0.859,
40.43701640,-79.94850720,0.842,
40.43706680,-79.94850720,0.844,
40.43676440,-79.94845680,0.966,
40.43681480,-79.94845680,0.935,
40.43686520,-79.94845680,0.890,
40.43691560,-79.94845680,0.837,
40.43696600,-79.94845680,0.790,
40.43701640,-79.94845680,0.764,
40.43706680,-79.94845680,0.769,
40.43676440,-79.94840640,0.952,
40.43681480,-79.94840640,0.908,
40.43686520,-79.94840640,0.844,
40.43691560,-79.94840640,0.770,
40.43696600,-79.94840640,0.704,
40.43701640,-79.94840640,0.667,
40.43706680,-79.94840640,0.674,
40.43676440,-79.94835600,0.936,
40.43681480,-79.94835600,0.876,
40.43686520,-79.94835600,0.791,
40.43691560,-79.94835600,0.692,
40.43696600,-79.94835600,0.604,
40.43701640,-79.94835600,0.556,
40.43706680,-79.94835600,0.565,
40.43676440,-79.94830560,0.918,
40.43681480,-79.94830560,0.842,
40.43686520,-79.94830560,0.734,
40.43691560,-79.94830560,0.609,
40.43696600,-79.94830560,0.497,
40.43701640,-79.94830560,0.436,
40.43706680,-79.94830560,0.448,
40.43676440,-79.94825520,0.901,
40.43681480,-79.94825520,0.809,
40.43686520,-79.94825520,0.679,
40.43691560,-79.94825520,0.528,
40.43696600,-79.94825520,0.393,
40.43701640,-79.94825520,0.320,
40.43706680,-79.94825520,0.334,
40.43676440,-79.94820480,0.886,
40.43681480,-79.94820480,0.780,
40.43686520,-79.94820480,0.630,
40.43691560,-79.94820480,0.456,
40.43696600,-79.94820480,0.302,
40.43701640,-79.94820480,0.217,
40.43706680,-79.94820480,0.232,
40.43676440,-79.94815440,0.874,
40.43681480,-79.94815440,0.757,
40.43686520,-79.94815440,0.592,
40.43691560,-79.94815440,0.400,
40.43696600,-79.94815440,0.229,
40.43701640,-79.94815440,0.134,
40.43706680,-79.94815440,0.150,
40.43676440,-79.94810400,0.866,
40.43681480,-79.94810400,0.742,
40.43686520,-79.94810400,0.566,
40.43691560,-79.94810400,0.362,
40.43696600,-79.94810400,0.179,
40.43701640,-79.94810400,0.077,
40.43706680,-79.94810400,0.090,
40.43676440,-79.94805360,0.860,
40.43681480,-79.94805360,0.733,
40.43686520,-79.94805360,0.551,
40.43691560,-79.94805360,0.340,
40.43696600,-79.94805360,0.151,
40.43701640,-79.94805360,0.042,
40.43706680,-79.94805360,0.051,
40.43676440,-79.94800320,0.857,
40.43681480,-79.94800320,0.728,
40.43686520,-79.94800320,0.545,
40.43691560,-79.94800320,0.332,
40.43696600,-79.94800320,0.139,
40.43701640,-79.94800320,0.025,
40.43706680,-79.94800320,0.029,
40.43676440,-79.94795280,0.854,
40.43681480,-79.94795280,0.725,
40.43686520,-79.94795280,0.543,
40.43691560,-79.94795280,0.331,
40.43696600,-79.94795280,0.138,
40.43701640,-79.94795280,0.021,
40.43706680,-79.94795280,0.017,
40.43676440,-79.94790240,0.848,
40.43681480,-79.94790240,0.720,
40.43686520,-79.94790240,0.540,
40.43691560,-79.94790240,0.332,
40.43696600,-79.94790240,0.141,
40.43701640,-79.94790240,0.022,
40.43706680,-79.94790240,0.011,
40.43676440,-79.94785200,0.837,
40.43681480,-79.94785200,0.709,
40.43686520,-79.94785200,0.533,
40.43691560,-79.94785200,0.330,
40.43696600,-79.94785200,0.143,
40.43701640,-79.94785200,0.025,
40.43706680,-79.94785200,0.007,
40.43676440,-79.94780160,0.819,
40.43681480,-79.94780160,0.691,
40.43686520,-79.94780160,0.519,
40.43691560,-79.94780160,0.324,
40.43696600,-79.94780160,0.144,
40.43701640,-79.94780160,0.028,
40.43706680,-79.94780160,0.005,
40.43676440,-79.94775120,0.793,
40.43681480,-79.94775120,0.664,
40.43686520,-79.94775120,0.497,
40.43691560,-79.94775120,0.311,
40.43696600,-79.94775120,0.141,
40.43701640,-79.94775120,0.030,
40.43706680,-79.94775120,0.003,
40.43676440,-79.94770080,0.755,
40.43681480,-79.94770080,0.624,
40.43686520,-79.94770080,0.464,
40.43691560,-79.94770080,0.290,
40.43696600,-79.94770080,0.134,
40.43701640,-79.94770080,0.031,
40.43706680,-79.94770080,0.002,
40.43676440,-79.94765040,0.707,
40.43681480,-79.94765040,0.573,
40.43686520,-79.94765040,0.420,
40.43691560,-79.94765040,0.262,
40.43696600,-79.94765040,0.123,
40.43701640,-79.94765040,0.031,
40.43706680,-79.94765040,0.001,
40.43711720,-79.94765040,0.028,
40.43676440,-79.94760000,0.648,
40.43681480,-79.94760000,0.510,
40.43686520,-79.94760000,0.366,
40.43691560,-79.94760000,0.227,
40.43696600,-79.94760000,0.108,
40.43701640,-79.94760000,0.030,
40.43706680,-79.94760000,0.001,
40.43711720,-79.94760000,0.017,
40.43681480,-79.94754960,0.437,
40.43686520,-79.94754960,0.303,
40.43691560,-79.94754960,0.184,
40.43696600,-79.94754960,0.089,
40.43701640,-79.94754960,0.027,
40.43706680,-79.94754960,0.002,
40.43711720,-79.94754960,0.009,
40.43681480,-79.94749920,0.360,
40.43686520,-79.94749920,0.235,
40.43691560,-79.94749920,0.138,
40.43696600,-79.94749920,0.066,
40.43701640,-79.94749920,0.021,
40.43706680,-79.94749920,0.003,
40.43711720,-79.94749920,0.005,
40.43681480,-79.94744880,0.284,
40.43686520,-79.94744880,0.168,
40.43691560,-79.94744880,0.091,
40.43696600,-79.94744880,0.042,
40.43701640,-79.94744880,0.014,
40.43706680,-79.94744880,0.002,
40.43711720,-79.94744880,0.003,
40.43686520,-79.94739840,0.109,
40.43691560,-79.94739840,0.049,
40.43696600,-79.94739840,0.020,
40.43701640,-79.94739840,0.007,
40.43706680,-79.94739840,0.001,
40.43711720,-79.94739840,0.004,
40.43686520,-79.94734800,0.069,
40.43691560,-79.94734800,0.020,
40.43696600,-79.94734800,0.005,
40.43701640,-79.94734800,0.002,
40.43706680,-79.94734800,0.001,
40.43711720,-79.94734800,0.007,
40.43691560,-79.94729760,0.012,
40.43696600,-79.94729760,0.003,
40.43701640,-79.94729760,0.004,
40.43706680,-79.94729760,0.006,
40.43711720,-79.94729760,0.016,
40.43711720,-79.94724720,0.036,
