40.43656280,-79.94906160,1.000,
40.43661320,-79.94906160,1.000,
40.43666360,-79.94906160,1.000,
40.43671400,-79.94906160,1.000,
40.43701640,-79.94906160,1.000,
40.43706680,-79.94906160,1.000,
40.43711720,-79.94906160,1.000,
40.43651240,-79.94901120,1.000,
40.43656280,-79.94901120,1.000,
40.43661320,-79.94901120,1.000,
40.43666360,-79.94901120,1.000,
40.43671400,-79.94901120,1.000,
40.43676440,-79.94901120,1.000,
40.43681480,-79.94901120,1.000,
40.43686520,-79.94901120,1.000,
40.43691560,-79.94901120,1.000,
40.43696600,-79.94901120,1.000,
40.43701640,-79.94901120,1.000,
40.43706680,-79.94901120,1.000,
40.43711720,-79.94901120,1.000,
40.43716760,-79.94901120,1.000,
40.43651240,-79.94896080,1.000,
40.43656280,-79.94896080,1.000,
40.43661320,-79.94896080,1.000,
40.43666360,-79.94896080,1.000,
40.43671400,-79.94896080,1.000,
40.43676440,-79.94896080,1.000,
40.43681480,-79.94896080,1.000,
40.43686520,-79.94896080,1.000,
40.43691560,-79.94896080,1.000,
40.43696600,-79.94896080,1.000,
40.43701640,-79.94896080,1.000,
40.43706680,-79.94896080,1.000,
40.43711720,-79.94896080,1.000,
40.43716760,-79.94896080,1.000,
40.43651240,-79.94891040,1.000,
40.43656280,-79.94891040,1.000,
40.43661320,-79.94891040,1.000,
40.43666360,-79.94891040,1.000,
40.43671400,-79.94891040,1.000,
40.43676440,-79.94891040,1.000,
40.43681480,-79.94891040,1.000,
40.43686520,-79.94891040,1.000,
40.43691560,-79.94891040,1.000,
40.43696600,-79.94891040,1.000,
40.43701640,-79.94891040,1.000,
40.43706680,-79.94891040,1.000,
40.43711720,-79.94891040,1.000,
40.43716760,-79.94891040,1.000,
40.43651240,-79.94886000,1.000,
40.43656280,-79.94886000,1.000,
40.43661320,-79.94886000,1.000,
40.43666360,-79.94886000,1.000,
40.43671400,-79.94886000,1.000,
40.43676440,-79.94886000,1.000,
40.43681480,-79.94886000,1.000,
40.43686520,-79.94886000,1.000,
40.43691560,-79.94886000,0.999,
40.43696600,-79.94886000,0.999,
40.43701640,-79.94886000,0.999,
40.43706680,-79.94886000,0.999,
40.43711720,-79.94886000,0.999,
40.43716760,-79.94886000,0.999,
40.43651240,-79.94880960,1.000,
40.43656280,-79.94880960,1.000,
40.43661320,-79.94880960,1.000,
40.43666360,-79.94880960,1.000,
40.43671400,-79.94880960,1.000,
40.43676440,-79.94880960,1.000,
40.43681480,-79.94880960,0.999,
40.43686520,-79.94880960,0.999,
40.43691560,-79.94880960,0.998,
40.43696600,-79.94880960,0.998,
40.43701640,-79.94880960,0.998,
40.43706680,-79.94880960,0.998,
40.43711720,-79.94880960,0.998,
40.43716760,-79.94880960,0.999,
40.43656280,-79.94875920,1.000,
40.43661320,-79.94875920,1.000,
40.43666360,-79.94875920,1.000,
40.43671400,-79.94875920,1.000,
40.43676440,-79.94875920,0.999,
40.43681480,-79.94875920,0.999,
40.43686520,-79.94875920,0.998,
40.43691560,-79.94875920,0.996,
40.43696600,-79.94875920,0.995,
40.43701640,-79.94875920,0.994,
40.43706680,-79.94875920,0.994,
40.43711720,-79.94875920,0.995,
40.43716760,-79.94875920,0.997,
40.43661320,-79.94870880,1.000,
40.43666360,-79.94870880,1.000,
40.43671400,-79.94870880,1.000,
40.43676440,-79.94870880,0.999,
40.43681480,-79.94870880,0.997,
40.43686520,-79.94870880,0.995,
40.43691560,-79.94870880,0.992,
40.43696600,-79.94870880,0.989,
40.43701640,-79.94870880,0.987,
40.43706680,-79.94870880,0.987,
40.43711720,-79.94870880,0.990,
40.43716760,-79.94870880,0.993,
40.43666360,-79.94865840,1.000,
40.43671400,-79.94865840,0.999,
40.43676440,-79.94865840,0.997,
40.43681480,-79.94865840,0.994,
40.43686520,-79.94865840,0.989,
40.43691560,-79.94865840,0.983,
40.43696600,-79.94865840,0.977,
40.43701640,-79.94865840,0.973,
40.43706680,-79.94865840,0.974,
40.43711720,-79.94865840,0.978,
40.43666360,-79.94860800,0.999,
40.43671400,-79.94860800,0.998,
40.43676440,-79.94860800,0.995,
40.43681480,-79.94860800,0.989,
40.43686520,-79.94860800,0.979,
40.43691560,-79.94860800,0.966,
40.43696600,-79.94860800,0.955,
40.43701640,-79.94860800,0.948,
40.43706680,-79.94860800,0.950,
40.43711720,-79.94860800,0.958,
40.43671400,-79.94855760,0.996,
40.43676440,-79.94855760,0.991,
40.43681480,-79.94855760,0.980,
40.43686520,-79.94855760,0.962,
40.43691560,-79.94855760,0.940,
40.43696600,-79.94855760,0.918,
40.43701640,-79.94855760,0.907,
40.43706680,-79.94855760,0.910,
40.43711720,-79.94855760,0.925,
40.43671400,-79.94850720,0.994,
40.43676440,-79.94850720,0.984,
40.43681480,-79.94850720,0.966,
40.43686520,-79.94850720,0.936,
40.43691560,-79.94850720,0.898,
40.43696600,-79.94850720,0.863,
40.43701640,-79.94850720,0.844,
40.43706680,-79.94850720,0.849,
40.43676440,-79.94845680,0.975,
40.43681480,-79.94845680,0.946,
40.43686520,-79.94845680,0.899,
40.43691560,-79.94845680,0.841,
40.43696600,-79.94845680,0.786,
40.43701640,-79.94845680,0.756,
40.43706680,-79.94845680,0.764,
40.43676440,-79.94840640,0.964,
40.43681480,-79.94840640,0.921,
40.43686520,-79.94840640,0.853,
40.43691560,-79.94840640,0.767,
40.43696600,-79.94840640,0.688,
40.43701640,-79.94840640,0.645,
40.43706680,-79.94840640,0.656,
40.43676440,-79.94835600,0.951,
40.43681480,-79.94835600,0.892,
40.43686520,-79.94835600,0.799,
40.43691560,-79.94835600,0.683,
40.43696600,-79.94835600,0.575,
40.43701640,-79.94835600,0.516,
40.43706680,-79.94835600,0.532,
40.43676440,-79.94830560,0.937,
40.43681480,-79.94830560,0.862,
40.43686520,-79.94830560,0.743,
40.43691560,-79.94830560,0.595,
40.43696600,-79.94830560,0.457,
40.43701640,-79.94830560,0.382,
40.43706680,-79.94830560,0.403,
40.43676440,-79.94825520,0.924,
40.43681480,-79.94825520,0.834,
40.43686520,-79.94825520,0.692,
40.43691560,-79.94825520,0.514,
40.43696600,-79.94825520,0.349,
40.43701640,-79.94825520,0.258,
40.43706680,-79.94825520,0.283,
40.43676440,-79.94820480,0.914,
40.43681480,-79.94820480,0.812,
40.43686520,-79.94820480,0.651,
40.43691560,-79.94820480,0.449,
40.43696600,-79.94820480,0.261,
40.43701640,-79.94820480,0.157,
40.43706680,-79.94820480,0.184,
40.43676440,-79.94815440,0.908,
40.43681480,-79.94815440,0.798,
40.43686520,-79.94815440,0.624,
40.43691560,-79.94815440,0.405,
40.43696600,-79.94815440,0.200,
40.43701640,-79.94815440,0.086,
40.43706680,-79.94815440,0.111,
40.43676440,-79.94810400,0.905,
40.43681480,-79.94810400,0.792,
40.43686520,-79.94810400,0.611,
40.43691560,-79.94810400,0.383,
40.43696600,-79.94810400,0.167,
40.43701640,-79.94810400,0.044,
40.43706680,-79.94810400,0.065,
40.43676440,-79.94805360,0.905,
40.43681480,-79.94805360,0.791,
40.43686520,-79.94805360,0.609,
40.43691560,-79.94805360,0.377,
40.43696600,-79.94805360,0.155,
40.43701640,-79.94805360,0.024,
40.43706680,-79.94805360,0.039,
40.43676440,-79.94800320,0.906,
40.43681480,-79.94800320,0.793,
40.43686520,-79.94800320,0.613,
40.43691560,-79.94800320,0.381,
40.43696600,-79.94800320,0.157,
40.43701640,-79.94800320,0.020,
40.43706680,-79.94800320,0.026,
40.43676440,-79.94795280,0.907,
40.43681480,-79.94795280,0.796,
40.43686520,-79.94795280,0.618,
40.43691560,-79.94795280,0.389,
40.43696600,-79.94795280,0.164,
40.43701640,-79.94795280,0.022,
40.43706680,-79.94795280,0.019,
40.43676440,-79.94790240,0.905,
40.43681480,-79.94790240,0.796,
40.43686520,-79.94790240,0.622,
40.43691560,-79.94790240,0.396,
40.43696600,-79.94790240,0.173,
40.43701640,-79.94790240,0.027,
40.43706680,-79.94790240,0.014,
40.43676440,-79.94785200,0.900,
40.43681480,-79.94785200,0.792,
40.43686520,-79.94785200,0.620,
40.43691560,-79.94785200,0.399,
40.43696600,-79.94785200,0.179,
40.43701640,-79.94785200,0.032,
40.43706680,-79.94785200,0.009,
40.43676440,-79.94780160,0.889,
40.43681480,-79.94780160,0.780,
40.43686520,-79.94780160,0.611,
40.43691560,-79.94780160,0.396,
40.43696600,-79.94780160,0.182,
40.43701640,-79.94780160,0.036,
40.43706680,-79.94780160,0.006,
40.43676440,-79.94775120,0.871,
40.43681480,-79.94775120,0.758,
40.43686520,-79.94775120,0.592,
40.43691560,-79.94775120,0.385,
40.43696600,-79.94775120,0.181,
40.43701640,-79.94775120,0.039,
40.43706680,-79.94775120,0.003,
40.43676440,-79.94770080,0.841,
40.43681480,-79.94770080,0.724,
40.43686520,-79.94770080,0.561,
40.43691560,-79.94770080,0.365,
40.43696600,-79.94770080,0.174,
40.43701640,-79.94770080,0.041,
40.43706680,-79.94770080,0.002,
40.43676440,-79.94765040,0.800,
40.43681480,-79.94765040,0.676,
40.43686520,-79.94765040,0.517,
40.43691560,-79.94765040,0.335,
40.43696600,-79.94765040,0.163,
40.43701640,-79.94765040,0.042,
40.43706680,-79.94765040,0.001,
40.43711720,-79.94765040,0.038,
40.43676440,-79.94760000,0.745,
40.43681480,-79.94760000,0.611,
40.43686520,-79.94760000,0.457,
40.43691560,-79.94760000,0.294,
40.43696600,-79.94760000,0.145,
40.43701640,-79.94760000,0.041,
40.43706680,-79.94760000,0.002,
40.43711720,-79.94760000,0.023,
40.43681480,-79.94754960,0.533,
40.43686520,-79.94754960,0.385,
40.43691560,-79.94754960,0.243,
40.43696600,-79.94754960,0.121,
40.43701640,-79.94754960,0.037,
40.43706680,-79.94754960,0.003,
40.43711720,-79.94754960,0.013,
40.43681480,-79.94749920,0.445,
40.43686520,-79.94749920,0.302,
40.43691560,-79.94749920,0.184,
40.43696600,-79.94749920,0.092,
40.43701640,-79.94749920,0.030,
40.43706680,-79.94749920,0.003,
40.43711720,-79.94749920,0.007,
40.43681480,-79.94744880,0.357,
40.43686520,-79.94744880,0.218,
40.43691560,-79.94744880,0.122,
40.43696600,-79.94744880,0.059,
40.43701640,-79.94744880,0.020,
40.43706680,-79.94744880,0.003,
40.43711720,-79.94744880,0.004,
40.43686520,-79.94739840,0.143,
40.43691560,-79.94739840,0.066,
40.43696600,-79.94739840,0.028,
40.43701640,-79.94739840,0.010,
40.43706680,-79.94739840,0.002,
40.43711720,-79.94739840,0.005,
40.43686520,-79.94734800,0.090,
40.43691560,-79.94734800,0.027,
40.43696600,-79.94734800,0.007,
40.43701640,-79.94734800,0.002,
40.43706680,-79.94734800,0.002,
40.43711720,-79.94734800,0.009,
40.43691560,-79.94729760,0.015,
40.43696600,-79.94729760,0.004,
40.43701640,-79.94729760,0.006,
40.43706680,-79.94729760,0.009,
40.43711720,-79.94729760,0.023,
40.43711720,-79.94724720,0.053,
