40.43656280,-79.94906160,0.042,
40.43661320,-79.94906160,0.048,
40.43666360,-79.94906160,0.057,
40.43671400,-79.94906160,0.057,
40.43701640,-79.94906160,0.015,
40.43706680,-79.94906160,0.014,
40.43711720,-79.94906160,0.016,
40.43651240,-79.94901120,0.033,
40.43656280,-79.94901120,0.030,
40.43661320,-79.94901120,0.038,
40.43666360,-79.94901120,0.043,
40.43671400,-79.94901120,0.038,
40.43676440,-79.94901120,0.022,
40.43681480,-79.94901120,0.014,
40.43686520,-79.94901120,0.022,
40.43691560,-79.94901120,0.019,
40.43696600,-79.94901120,0.012,
40.43701640,-79.94901120,0.008,
40.43706680,-79.94901120,0.007,
40.43711720,-79.94901120,0.008,
40.43716760,-79.94901120,0.023,
40.43651240,-79.94896080,0.024,
40.43656280,-79.94896080,0.025,
40.43661320,-79.94896080,0.034,
40.43666360,-79.94896080,0.038,
40.43671400,-79.94896080,0.031,
40.43676440,-79.94896080,0.015,
40.43681480,-79.94896080,0.008,
40.43686520,-79.94896080,0.018,
40.43691560,-79.94896080,0.018,
40.43696600,-79.94896080,0.011,
40.43701640,-79.94896080,0.006,
40.43706680,-79.94896080,0.004,
40.43711720,-79.94896080,0.004,
40.43716760,-79.94896080,0.015,
40.43651240,-79.94891040,0.021,
40.43656280,-79.94891040,0.023,
40.43661320,-79.94891040,0.032,
40.43666360,-79.94891040,0.037,
40.43671400,-79.94891040,0.032,
40.43676440,-79.94891040,0.016,
40.43681480,-79.94891040,0.008,
40.43686520,-79.94891040,0.018,
40.43691560,-79.94891040,0.018,
40.43696600,-79.94891040,0.011,
40.43701640,-79.94891040,0.006,
40.43706680,-79.94891040,0.004,
40.43711720,-79.94891040,0.003,
40.43716760,-79.94891040,0.011,
40.43651240,-79.94886000,0.022,
40.43656280,-79.94886000,0.021,
40.43661320,-79.94886000,0.030,
40.43666360,-79.94886000,0.037,
40.43671400,-79.94886000,0.036,
40.43676440,-79.94886000,0.023,
40.43681480,-79.94886000,0.012,
40.43686520,-79.94886000,0.021,
40.43691560,-79.94886000,0.020,
40.43696600,-79.94886000,0.013,
40.43701640,-79.94886000,0.008,
40.43706680,-79.94886000,0.005,
40.43711720,-79.94886000,0.002,
40.43716760,-79.94886000,0.009,
40.43651240,-79.94880960,0.029,
40.43656280,-79.94880960,0.022,
40.43661320,-79.94880960,0.029,
40.43666360,-79.94880960,0.036,
40.43671400,-79.94880960,0.039,
40.43676440,-79.94880960,0.029,
40.43681480,-79.94880960,0.018,
40.43686520,-79.94880960,0.025,
40.43691560,-79.94880960,0.023,
40.43696600,-79.94880960,0.015,
40.43701640,-79.94880960,0.010,
40.43706680,-79.94880960,0.006,
40.43711720,-79.94880960,0.002,
40.43716760,-79.94880960,0.009,
40.43656280,-79.94875920,0.026,
40.43661320,-79.94875920,0.029,
40.43666360,-79.94875920,0.035,
40.43671400,-79.94875920,0.040,
40.43676440,-79.94875920,0.033,
40.43681480,-79.94875920,0.023,
40.43686520,-79.94875920,0.029,
40.43691560,-79.94875920,0.025,
40.43696600,-79.94875920,0.017,
40.43701640,-79.94875920,0.012,
40.43706680,-79.94875920,0.006,
40.43711720,-79.94875920,0.002,
40.43716760,-79.94875920,0.011,
40.43661320,-79.94870880,0.034,
40.43666360,-79.94870880,0.037,
40.43671400,-79.94870880,0.039,
40.43676440,-79.94870880,0.033,
40.43681480,-79.94870880,0.023,
40.43686520,-79.94870880,0.029,
40.43691560,-79.94870880,0.025,
40.43696600,-79.94870880,0.017,
40.43701640,-79.94870880,0.013,
40.43706680,-79.94870880,0.006,
40.43711720,-79.94870880,0.002,
40.43716760,-79.94870880,0.016,
40.43666360,-79.94865840,0.046,
40.43671400,-79.94865840,0.042,
40.43676440,-79.94865840,0.031,
40.43681480,-79.94865840,0.020,
40.43686520,-79.94865840,0.026,
40.43691560,-79.94865840,0.023,
40.43696600,-79.94865840,0.017,
40.43701640,-79.94865840,0.012,
40.43706680,-79.94865840,0.006,
40.43711720,-79.94865840,0.003,
40.43666360,-79.94860800,0.063,
40.43671400,-79.94860800,0.050,
40.43676440,-79.94860800,0.030,
40.43681480,-79.94860800,0.017,
40.43686520,-79.94860800,0.022,
40.43691560,-79.94860800,0.020,
40.43696600,-79.94860800,0.016,
40.43701640,-79.94860800,0.011,
40.43706680,-79.94860800,0.005,
40.43711720,-79.94860800,0.005,
40.43671400,-79.94855760,0.065,
40.43676440,-79.94855760,0.033,
40.43681480,-79.94855760,0.014,
40.43686520,-79.94855760,0.018,
40.43691560,-79.94855760,0.017,
40.43696600,-79.94855760,0.014,
40.43701640,-79.94855760,0.010,
40.43706680,-79.94855760,0.004,
40.43711720,-79.94855760,0.008,
40.43671400,-79.94850720,0.087,
40.43676440,-79.94850720,0.039,
40.43681480,-79.94850720,0.013,
40.43686520,-79.94850720,0.015,
40.43691560,-79.94850720,0.014,
40.43696600,-79.94850720,0.012,
40.43701640,-79.94850720,0.008,
40.43706680,-79.94850720,0.003,
40.43676440,-79.94845680,0.047,
40.43681480,-79.94845680,0.015,
40.43686520,-79.94845680,0.014,
40.43691560,-79.94845680,0.012,
40.43696600,-79.94845680,0.010,
40.43701640,-79.94845680,0.006,
40.43706680,-79.94845680,0.004,
40.43676440,-79.94840640,0.056,
40.43681480,-79.94840640,0.017,
40.43686520,-79.94840640,0.015,
40.43691560,-79.94840640,0.011,
40.43696600,-79.94840640,0.009,
40.43701640,-79.94840640,0.004,
40.43706680,-79.94840640,0.006,
40.43676440,-79.94835600,0.065,
40.43681480,-79.94835600,0.020,
40.43686520,-79.94835600,0.016,
40.43691560,-79.94835600,0.010,
40.43696600,-79.94835600,0.007,
40.43701640,-79.94835600,0.004,
40.43706680,-79.94835600,0.009,
40.43676440,-79.94830560,0.075,
40.43681480,-79.94830560,0.023,
40.43686520,-79.94830560,0.017,
40.43691560,-79.94830560,0.010,
40.43696600,-79.94830560,0.006,
40.43701640,-79.94830560,0.004,
40.43706680,-79.94830560,0.014,
40.43676440,-79.94825520,0.085,
40.43681480,-79.94825520,0.027,
40.43686520,-79.94825520,0.019,
40.43691560,-79.94825520,0.010,
40.43696600,-79.94825520,0.005,
40.43701640,-79.94825520,0.005,
40.43706680,-79.94825520,0.021,
40.43676440,-79.94820480,0.094,
40.43681480,-79.94820480,0.031,
40.43686520,-79.94820480,0.022,
40.43691560,-79.94820480,0.010,
40.43696600,-79.94820480,0.005,
40.43701640,-79.94820480,0.007,
40.43706680,-79.94820480,0.029,
40.43676440,-79.94815440,0.101,
40.43681480,-79.94815440,0.034,
40.43686520,-79.94815440,0.025,
40.43691560,-79.94815440,0.010,
40.43696600,-79.94815440,0.006,
40.43701640,-79.94815440,0.010,
40.43706680,-79.94815440,0.038,
40.43676440,-79.94810400,0.107,
40.43681480,-79.94810400,0.037,
40.43686520,-79.94810400,0.028,
40.43691560,-79.94810400,0.011,
40.43696600,-79.94810400,0.007,
40.43701640,-79.94810400,0.014,
40.43706680,-79.94810400,0.048,
40.43676440,-79.94805360,0.110,
40.43681480,-79.94805360,0.040,
40.43686520,-79.94805360,0.031,
40.43691560,-79.94805360,0.013,
40.43696600,-79.94805360,0.010,
40.43701640,-79.94805360,0.019,
40.43706680,-79.94805360,0.056,
40.43676440,-79.94800320,0.111,
40.43681480,-79.94800320,0.042,
40.43686520,-79.94800320,0.034,
40.43691560,-79.94800320,0.017,
40.43696600,-79.94800320,0.015,
40.43701640,-79.94800320,0.025,
40.43706680,-79.94800320,0.064,
40.43676440,-79.94795280,0.112,
40.43681480,-79.94795280,0.043,
40.43686520,-79.94795280,0.038,
40.43691560,-79.94795280,0.023,
40.43696600,-79.94795280,0.020,
40.43701640,-79.94795280,0.031,
40.43706680,-79.94795280,0.069,
40.43676440,-79.94790240,0.110,
40.43681480,-79.94790240,0.044,
40.43686520,-79.94790240,0.042,
40.43691560,-79.94790240,0.030,
40.43696600,-79.94790240,0.026,
40.43701640,-79.94790240,0.037,
40.43706680,-79.94790240,0.073,
40.43676440,-79.94785200,0.108,
40.43681480,-79.94785200,0.045,
40.43686520,-79.94785200,0.047,
40.43691560,-79.94785200,0.039,
40.43696600,-79.94785200,0.031,
40.43701640,-79.94785200,0.042,
40.43706680,-79.94785200,0.076,
40.43676440,-79.94780160,0.104,
40.43681480,-79.94780160,0.045,
40.43686520,-79.94780160,0.051,
40.43691560,-79.94780160,0.048,
40.43696600,-79.94780160,0.035,
40.43701640,-79.94780160,0.045,
40.43706680,-79.94780160,0.077,
40.43676440,-79.94775120,0.100,
40.43681480,-79.94775120,0.044,
40.43686520,-79.94775120,0.054,
40.43691560,-79.94775120,0.058,
40.43696600,-79.94775120,0.040,
40.43701640,-79.94775120,0.048,
40.43706680,-79.94775120,0.078,
40.43676440,-79.94770080,0.094,
40.43681480,-79.94770080,0.043,
40.43686520,-79.94770080,0.057,
40.43691560,-79.94770080,0.067,
40.43696600,-79.94770080,0.044,
40.43701640,-79.94770080,0.050,
40.43706680,-79.94770080,0.078,
40.43676440,-79.94765040,0.089,
40.43681480,-79.94765040,0.041,
40.43686520,-79.94765040,0.059,
40.43691560,-79.94765040,0.076,
40.43696600,-79.94765040,0.049,
40.43701640,-79.94765040,0.051,
40.43706680,-79.94765040,0.078,
40.43711720,-79.94765040,0.173,
40.43676440,-79.94760000,0.083,
40.43681480,-79.94760000,0.038,
40.43686520,-79.94760000,0.060,
40.43691560,-79.94760000,0.085,
40.43696600,-79.94760000,0.054,
40.43701640,-79.94760000,0.053,
40.43706680,-79.94760000,0.078,
40.43711720,-79.94760000,0.165,
40.43681480,-79.94754960,0.035,
40.43686520,-79.94754960,0.059,
40.43691560,-79.94754960,0.092,
40.43696600,-79.94754960,0.058,
40.43701640,-79.94754960,0.054,
40.43706680,-79.94754960,0.078,
40.43711720,-79.94754960,0.158,
40.43681480,-79.94749920,0.032,
40.43686520,-79.94749920,0.057,
40.43691560,-79.94749920,0.098,
40.43696600,-79.94749920,0.062,
40.43701640,-79.94749920,0.056,
40.43706680,-79.94749920,0.078,
40.43711720,-79.94749920,0.153,
40.43681480,-79.94744880,0.029,
40.43686520,-79.94744880,0.053,
40.43691560,-79.94744880,0.102,
40.43696600,-79.94744880,0.066,
40.43701640,-79.94744880,0.058,
40.43706680,-79.94744880,0.078,
40.43711720,-79.94744880,0.150,
40.43686520,-79.94739840,0.050,
40.43691560,-79.94739840,0.107,
40.43696600,-79.94739840,0.069,
40.43701640,-79.94739840,0.060,
40.43706680,-79.94739840,0.078,
40.43711720,-79.94739840,0.148,
40.43686520,-79.94734800,0.046,
40.43691560,-79.94734800,0.111,
40.43696600,-79.94734800,0.073,
40.43701640,-79.94734800,0.062,
40.43706680,-79.94734800,0.079,
40.43711720,-79.94734800,0.149,
40.43691560,-79.94729760,0.116,
40.43696600,-79.94729760,0.077,
40.43701640,-79.94729760,0.064,
40.43706680,-79.94729760,0.082,
40.43711720,-79.94729760,0.152,
40.43711720,-79.94724720,0.160,
