40.43656280,-79.94906160,0.023,
40.43661320,-79.94906160,0.012,
40.43666360,-79.94906160,0.019,
40.43671400,-79.94906160,0.039,
40.43701640,-79.94906160,0.049,
40.43706680,-79.94906160,0.038,
40.43711720,-79.94906160,0.036,
40.43651240,-79.94901120,0.036,
40.43656280,-79.94901120,0.009,
40.43661320,-79.94901120,0.004,
40.43666360,-79.94901120,0.007,
40.43671400,-79.94901120,0.015,
40.43676440,-79.94901120,0.027,
40.43681480,-79.94901120,0.044,
40.43686520,-79.94901120,0.074,
40.43691560,-79.94901120,0.061,
40.43696600,-79.94901120,0.033,
40.43701640,-79.94901120,0.020,
40.43706680,-79.94901120,0.015,
40.43711720,-79.94901120,0.016,
40.43716760,-79.94901120,0.050,
40.43651240,-79.94896080,0.023,
40.43656280,-79.94896080,0.004,
40.43661320,-79.94896080,0.004,
40.43666360,-79.94896080,0.007,
40.43671400,-79.94896080,0.009,
40.43676440,-79.94896080,0.011,
40.43681480,-79.94896080,0.017,
40.43686520,-79.94896080,0.046,
40.43691560,-79.94896080,0.040,
40.43696600,-79.94896080,0.018,
40.43701640,-79.94896080,0.008,
40.43706680,-79.94896080,0.005,
40.43711720,-79.94896080,0.007,
40.43716760,-79.94896080,0.032,
40.43651240,-79.94891040,0.019,
40.43656280,-79.94891040,0.003,
40.43661320,-79.94891040,0.007,
40.43666360,-79.94891040,0.012,
40.43671400,-79.94891040,0.015,
40.43676440,-79.94891040,0.016,
40.43681480,-79.94891040,0.019,
40.43686520,-79.94891040,0.045,
40.43691560,-79.94891040,0.041,
40.43696600,-79.94891040,0.020,
40.43701640,-79.94891040,0.009,
40.43706680,-79.94891040,0.005,
40.43711720,-79.94891040,0.003,
40.43716760,-79.94891040,0.021,
40.43651240,-79.94886000,0.025,
40.43656280,-79.94886000,0.004,
40.43661320,-79.94886000,0.007,
40.43666360,-79.94886000,0.015,
40.43671400,-79.94886000,0.025,
40.43676440,-79.94886000,0.033,
40.43681480,-79.94886000,0.044,
40.43686520,-79.94886000,0.070,
40.43691560,-79.94886000,0.061,
40.43696600,-79.94886000,0.034,
40.43701640,-79.94886000,0.017,
40.43706680,-79.94886000,0.008,
40.43711720,-79.94886000,0.003,
40.43716760,-79.94886000,0.017,
40.43651240,-79.94880960,0.039,
40.43656280,-79.94880960,0.006,
40.43661320,-79.94880960,0.004,
40.43666360,-79.94880960,0.013,
40.43671400,-79.94880960,0.030,
40.43676440,-79.94880960,0.054,
40.43681480,-79.94880960,0.083,
40.43686520,-79.94880960,0.114,
40.43691560,-79.94880960,0.094,
40.43696600,-79.94880960,0.054,
40.43701640,-79.94880960,0.028,
40.43706680,-79.94880960,0.013,
40.43711720,-79.94880960,0.003,
40.43716760,-79.94880960,0.019,
40.43656280,-79.94875920,0.015,
40.43661320,-79.94875920,0.003,
40.43666360,-79.94875920,0.008,
40.43671400,-79.94875920,0.028,
40.43676440,-79.94875920,0.070,
40.43681480,-79.94875920,0.129,
40.43686520,-79.94875920,0.171,
40.43691560,-79.94875920,0.135,
40.43696600,-79.94875920,0.075,
40.43701640,-79.94875920,0.036,
40.43706680,-79.94875920,0.015,
40.43711720,-79.94875920,0.003,
40.43716760,-79.94875920,0.025,
40.43661320,-79.94870880,0.011,
40.43666360,-79.94870880,0.006,
40.43671400,-79.94870880,0.022,
40.43676440,-79.94870880,0.079,
40.43681480,-79.94870880,0.176,
40.43686520,-79.94870880,0.233,
40.43691560,-79.94870880,0.177,
40.43696600,-79.94870880,0.091,
40.43701640,-79.94870880,0.040,
40.43706680,-79.94870880,0.015,
40.43711720,-79.94870880,0.004,
40.43716760,-79.94870880,0.038,
40.43666360,-79.94865840,0.014,
40.43671400,-79.94865840,0.019,
40.43676440,-79.94865840,0.089,
40.43681480,-79.94865840,0.224,
40.43686520,-79.94865840,0.296,
40.43691560,-79.94865840,0.216,
40.43696600,-79.94865840,0.102,
40.43701640,-79.94865840,0.039,
40.43706680,-79.94865840,0.012,
40.43711720,-79.94865840,0.006,
40.43666360,-79.94860800,0.038,
40.43671400,-79.94860800,0.028,
40.43676440,-79.94860800,0.106,
40.43681480,-79.94860800,0.275,
40.43686520,-79.94860800,0.357,
40.43691560,-79.94860800,0.249,
40.43696600,-79.94860800,0.106,
40.43701640,-79.94860800,0.034,
40.43706680,-79.94860800,0.009,
40.43711720,-79.94860800,0.011,
40.43671400,-79.94855760,0.057,
40.43676440,-79.94855760,0.139,
40.43681480,-79.94855760,0.333,
40.43686520,-79.94855760,0.413,
40.43691560,-79.94855760,0.274,
40.43696600,-79.94855760,0.106,
40.43701640,-79.94855760,0.027,
40.43706680,-79.94855760,0.005,
40.43711720,-79.94855760,0.021,
40.43671400,-79.94850720,0.108,
40.43676440,-79.94850720,0.194,
40.43681480,-79.94850720,0.399,
40.43686520,-79.94850720,0.463,
40.43691560,-79.94850720,0.292,
40.43696600,-79.94850720,0.102,
40.43701640,-79.94850720,0.020,
40.43706680,-79.94850720,0.004,
40.43676440,-79.94845680,0.267,
40.43681480,-79.94845680,0.469,
40.43686520,-79.94845680,0.504,
40.43691560,-79.94845680,0.304,
40.43696600,-79.94845680,0.097,
40.43701640,-79.94845680,0.013,
40.43706680,-79.94845680,0.006,
40.43676440,-79.94840640,0.351,
40.43681480,-79.94840640,0.535,
40.43686520,-79.94840640,0.534,
40.43691560,-79.94840640,0.310,
40.43696600,-79.94840640,0.092,
40.43701640,-79.94840640,0.009,
40.43706680,-79.94840640,0.011,
40.43676440,-79.94835600,0.433,
40.43681480,-79.94835600,0.588,
40.43686520,-79.94835600,0.550,
40.43691560,-79.94835600,0.312,
40.43696600,-79.94835600,0.088,
40.43701640,-79.94835600,0.007,
40.43706680,-79.94835600,0.019,
40.43676440,-79.94830560,0.503,
40.43681480,-79.94830560,0.618,
40.43686520,-79.94830560,0.550,
40.43691560,-79.94830560,0.310,
40.43696600,-79.94830560,0.088,
40.43701640,-79.94830560,0.007,
40.43706680,-79.94830560,0.029,
40.43676440,-79.94825520,0.550,
40.43681480,-79.94825520,0.621,
40.43686520,-79.94825520,0.533,
40.43691560,-79.94825520,0.304,
40.43696600,-79.94825520,0.090,
40.43701640,-79.94825520,0.011,
40.43706680,-79.94825520,0.042,
40.43676440,-79.94820480,0.566,
40.43681480,-79.94820480,0.597,
40.43686520,-79.94820480,0.504,
40.43691560,-79.94820480,0.295,
40.43696600,-79.94820480,0.095,
40.43701640,-79.94820480,0.019,
40.43706680,-79.94820480,0.056,
40.43676440,-79.94815440,0.552,
40.43681480,-79.94815440,0.556,
40.43686520,-79.94815440,0.468,
40.43691560,-79.94815440,0.284,
40.43696600,-79.94815440,0.104,
40.43701640,-79.94815440,0.030,
40.43706680,-79.94815440,0.070,
40.43676440,-79.94810400,0.519,
40.43681480,-79.94810400,0.509,
40.43686520,-79.94810400,0.430,
40.43691560,-79.94810400,0.273,
40.43696600,-79.94810400,0.113,
40.43701640,-79.94810400,0.042,
40.43706680,-79.94810400,0.079,
40.43676440,-79.94805360,0.482,
40.43681480,-79.94805360,0.467,
40.43686520,-79.94805360,0.398,
40.43691560,-79.94805360,0.264,
40.43696600,-79.94805360,0.122,
40.43701640,-79.94805360,0.053,
40.43706680,-79.94805360,0.084,
40.43676440,-79.94800320,0.448,
40.43681480,-79.94800320,0.433,
40.43686520,-79.94800320,0.372,
40.43691560,-79.94800320,0.257,
40.43696600,-79.94800320,0.130,
40.43701640,-79.94800320,0.061,
40.43706680,-79.94800320,0.082,
40.43676440,-79.94795280,0.423,
40.43681480,-79.94795280,0.407,
40.43686520,-79.94795280,0.354,
40.43691560,-79.94795280,0.252,
40.43696600,-79.94795280,0.136,
40.43701640,-79.94795280,0.064,
40.43706680,-79.94795280,0.076,
40.43676440,-79.94790240,0.404,
40.43681480,-79.94790240,0.389,
40.43686520,-79.94790240,0.339,
40.43691560,-79.94790240,0.248,
40.43696600,-79.94790240,0.138,
40.43701640,-79.94790240,0.065,
40.43706680,-79.94790240,0.067,
40.43676440,-79.94785200,0.391,
40.43681480,-79.94785200,0.374,
40.43686520,-79.94785200,0.328,
40.43691560,-79.94785200,0.243,
40.43696600,-79.94785200,0.138,
40.43701640,-79.94785200,0.062,
40.43706680,-79.94785200,0.057,
40.43676440,-79.94780160,0.380,
40.43681480,-79.94780160,0.361,
40.43686520,-79.94780160,0.316,
40.43691560,-79.94780160,0.235,
40.43696600,-79.94780160,0.135,
40.43701640,-79.94780160,0.058,
40.43706680,-79.94780160,0.046,
40.43676440,-79.94775120,0.369,
40.43681480,-79.94775120,0.347,
40.43686520,-79.94775120,0.301,
40.43691560,-79.94775120,0.224,
40.43696600,-79.94775120,0.129,
40.43701640,-79.94775120,0.054,
40.43706680,-79.94775120,0.036,
40.43676440,-79.94770080,0.358,
40.43681480,-79.94770080,0.330,
40.43686520,-79.94770080,0.281,
40.43691560,-79.94770080,0.208,
40.43696600,-79.94770080,0.120,
40.43701640,-79.94770080,0.049,
40.43706680,-79.94770080,0.028,
40.43676440,-79.94765040,0.346,
40.43681480,-79.94765040,0.309,
40.43686520,-79.94765040,0.256,
40.43691560,-79.94765040,0.187,
40.43696600,-79.94765040,0.108,
40.43701640,-79.94765040,0.044,
40.43706680,-79.94765040,0.022,
40.43711720,-79.94765040,0.040,
40.43676440,-79.94760000,0.332,
40.43681480,-79.94760000,0.284,
40.43686520,-79.94760000,0.225,
40.43691560,-79.94760000,0.160,
40.43696600,-79.94760000,0.093,
40.43701640,-79.94760000,0.038,
40.43706680,-79.94760000,0.017,
40.43711720,-79.94760000,0.027,
40.43681480,-79.94754960,0.256,
40.43686520,-79.94754960,0.189,
40.43691560,-79.94754960,0.129,
40.43696600,-79.94754960,0.075,
40.43701640,-79.94754960,0.032,
40.43706680,-79.94754960,0.014,
40.43711720,-79.94754960,0.018,
40.43681480,-79.94749920,0.226,
40.43686520,-79.94749920,0.151,
40.43691560,-79.94749920,0.095,
40.43696600,-79.94749920,0.055,
40.43701640,-79.94749920,0.024,
40.43706680,-79.94749920,0.011,
40.43711720,-79.94749920,0.012,
40.43681480,-79.94744880,0.198,
40.43686520,-79.94744880,0.114,
40.43691560,-79.94744880,0.063,
40.43696600,-79.94744880,0.035,
40.43701640,-79.94744880,0.017,
40.43706680,-79.94744880,0.009,
40.43711720,-79.94744880,0.009,
40.43686520,-79.94739840,0.084,
40.43691560,-79.94739840,0.035,
40.43696600,-79.94739840,0.018,
40.43701640,-79.94739840,0.010,
40.43706680,-79.94739840,0.007,
40.43711720,-79.94739840,0.007,
40.43686520,-79.94734800,0.065,
40.43691560,-79.94734800,0.018,
40.43696600,-79.94734800,0.007,
40.43701640,-79.94734800,0.005,
40.43706680,-79.94734800,0.005,
40.43711720,-79.94734800,0.008,
40.43691560,-79.94729760,0.013,
40.43696600,-79.94729760,0.005,
40.43701640,-79.94729760,0.006,
40.43706680,-79.94729760,0.007,
40.43711720,-79.94729760,0.011,
40.43711720,-79.94724720,0.021,
