40.43656280,-79.94906160,1.000,
40.43661320,-79.94906160,1.000,
40.43666360,-79.94906160,1.000,
40.43671400,-79.94906160,1.000,
40.43701640,-79.94906160,1.000,
40.43706680,-79.94906160,1.000,
40.43711720,-79.94906160,1.000,
40.43651240,-79.94901120,1.000,
40.43656280,-79.94901120,1.000,
40.43661320,-79.94901120,1.000,
40.43666360,-79.94901120,1.000,
40.43671400,-79.94901120,1.000,
40.43676440,-79.94901120,1.000,
40.43681480,-79.94901120,1.000,
40.43686520,-79.94901120,1.000,
40.43691560,-79.94901120,1.000,
40.43696600,-79.94901120,1.000,
40.43701640,-79.94901120,1.000,
40.43706680,-79.94901120,1.000,
40.43711720,-79.94901120,1.000,
40.43716760,-79.94901120,1.000,
40.43651240,-79.94896080,1.000,
40.43656280,-79.94896080,1.000,
40.43661320,-79.94896080,1.000,
40.43666360,-79.94896080,1.000,
40.43671400,-79.94896080,1.000,
40.43676440,-79.94896080,1.000,
40.43681480,-79.94896080,1.000,
40.43686520,-79.94896080,1.000,
40.43691560,-79.94896080,1.000,
40.43696600,-79.94896080,1.000,
40.43701640,-79.94896080,1.000,
40.43706680,-79.94896080,1.000,
40.43711720,-79.94896080,1.000,
40.43716760,-79.94896080,1.000,
40.43651240,-79.94891040,1.000,
40.43656280,-79.94891040,1.000,
40.43661320,-79.94891040,1.000,
40.43666360,-79.94891040,1.000,
40.43671400,-79.94891040,1.000,
40.43676440,-79.94891040,1.000,
40.43681480,-79.94891040,1.000,
40.43686520,-79.94891040,1.000,
40.43691560,-79.94891040,1.000,
40.43696600,-79.94891040,1.000,
40.43701640,-79.94891040,1.000,
40.43706680,-79.94891040,1.000,
40.43711720,-79.94891040,1.000,
40.43716760,-79.94891040,1.000,
40.43651240,-79.94886000,1.000,
40.43656280,-79.94886000,1.000,
40.43661320,-79.94886000,1.000,
40.43666360,-79.94886000,1.000,
40.43671400,-79.94886000,1.000,
40.43676440,-79.94886000,1.000,
40.43681480,-79.94886000,1.000,
40.43686520,-79.94886000,1.000,
40.43691560,-79.94886000,1.000,
40.43696600,-79.94886000,1.000,
40.43701640,-79.94886000,1.000,
40.43706680,-79.94886000,1.000,
40.43711720,-79.94886000,1.000,
40.43716760,-79.94886000,1.000,
40.43651240,-79.94880960,1.000,
40.43656280,-79.94880960,1.000,
40.43661320,-79.94880960,1.000,
40.43666360,-79.94880960,1.000,
40.43671400,-79.94880960,1.000,
40.43676440,-79.94880960,1.000,
40.43681480,-79.94880960,1.000,
40.43686520,-79.94880960,1.000,
40.43691560,-79.94880960,0.999,
40.43696600,-79.94880960,0.999,
40.43701640,-79.94880960,0.999,
40.43706680,-79.94880960,0.999,
40.43711720,-79.94880960,0.999,
40.43716760,-79.94880960,0.999,
40.43656280,-79.94875920,1.000,
40.43661320,-79.94875920,1.000,
40.43666360,-79.94875920,1.000,
40.43671400,-79.94875920,1.000,
40.43676440,-79.94875920,1.000,
40.43681480,-79.94875920,0.999,
40.43686520,-79.94875920,0.999,
40.43691560,-79.94875920,0.998,
40.43696600,-79.94875920,0.998,
40.43701640,-79.94875920,0.997,
40.43706680,-79.94875920,0.997,
40.43711720,-79.94875920,0.998,
40.43716760,-79.94875920,0.998,
40.43661320,-79.94870880,1.000,
40.43666360,-79.94870880,1.000,
40.43671400,-79.94870880,1.000,
40.43676440,-79.94870880,0.999,
40.43681480,-79.94870880,0.998,
40.43686520,-79.94870880,0.997,
40.43691560,-79.94870880,0.996,
40.43696600,-79.94870880,0.995,
40.43701640,-79.94870880,0.994,
40.43706680,-79.94870880,0.994,
40.43711720,-79.94870880,0.995,
40.43716760,-79.94870880,0.996,
40.43666360,-79.94865840,1.000,
40.43671400,-79.94865840,0.999,
40.43676440,-79.94865840,0.998,
40.43681480,-79.94865840,0.997,
40.43686520,-79.94865840,0.995,
40.43691560,-79.94865840,0.992,
40.43696600,-79.94865840,0.990,
40.43701640,-79.94865840,0.988,
40.43706680,-79.94865840,0.988,
40.43711720,-79.94865840,0.990,
40.43666360,-79.94860800,0.999,
40.43671400,-79.94860800,0.998,
40.43676440,-79.94860800,0.997,
40.43681480,-79.94860800,0.994,
40.43686520,-79.94860800,0.989,
40.43691560,-79.94860800,0.984,
40.43696600,-79.94860800,0.980,
40.43701640,-79.94860800,0.977,
40.43706680,-79.94860800,0.977,
40.43711720,-79.94860800,0.980,
40.43671400,-79.94855760,0.997,
40.43676440,-79.94855760,0.994,
40.43681480,-79.94855760,0.988,
40.43686520,-79.94855760,0.980,
40.43691560,-79.94855760,0.971,
40.43696600,-79.94855760,0.963,
40.43701640,-79.94855760,0.958,
40.43706680,-79.94855760,0.958,
40.43711720,-79.94855760,0.963,
40.43671400,-79.94850720,0.995,
40.43676440,-79.94850720,0.989,
40.43681480,-79.94850720,0.979,
40.43686520,-79.94850720,0.965,
40.43691560,-79.94850720,0.949,
40.43696600,-79.94850720,0.935,
40.43701640,-79.94850720,0.927,
40.43706680,-79.94850720,0.927,
40.43676440,-79.94845680,0.981,
40.43681480,-79.94845680,0.965,
40.43686520,-79.94845680,0.942,
40.43691560,-79.94845680,0.916,
40.43696600,-79.94845680,0.893,
40.43701640,-79.94845680,0.879,
40.43706680,-79.94845680,0.880,
40.43676440,-79.94840640,0.971,
40.43681480,-79.94840640,0.945,
40.43686520,-79.94840640,0.910,
40.43691560,-79.94840640,0.869,
40.43696600,-79.94840640,0.833,
40.43701640,-79.94840640,0.812,
40.43706680,-79.94840640,0.813,
40.43676440,-79.94835600,0.957,
40.43681480,-79.94835600,0.919,
40.43686520,-79.94835600,0.867,
40.43691560,-79.94835600,0.808,
40.43696600,-79.94835600,0.754,
40.43701640,-79.94835600,0.723,
40.43706680,-79.94835600,0.725,
40.43676440,-79.94830560,0.940,
40.43681480,-79.94830560,0.888,
40.43686520,-79.94830560,0.815,
40.43691560,-79.94830560,0.733,
40.43696600,-79.94830560,0.659,
40.43701640,-79.94830560,0.616,
40.43706680,-79.94830560,0.620,
40.43676440,-79.94825520,0.920,
40.43681480,-79.94825520,0.852,
40.43686520,-79.94825520,0.757,
40.43691560,-79.94825520,0.649,
40.43696600,-79.94825520,0.552,
40.43701640,-79.94825520,0.497,
40.43706680,-79.94825520,0.502,
40.43676440,-79.94820480,0.900,
40.43681480,-79.94820480,0.815,
40.43686520,-79.94820480,0.697,
40.43691560,-79.94820480,0.563,
40.43696600,-79.94820480,0.444,
40.43701640,-79.94820480,0.375,
40.43706680,-79.94820480,0.381,
40.43676440,-79.94815440,0.882,
40.43681480,-79.94815440,0.781,
40.43686520,-79.94815440,0.642,
40.43691560,-79.94815440,0.483,
40.43696600,-79.94815440,0.343,
40.43701640,-79.94815440,0.263,
40.43706680,-79.94815440,0.269,
40.43676440,-79.94810400,0.866,
40.43681480,-79.94810400,0.752,
40.43686520,-79.94810400,0.595,
40.43691560,-79.94810400,0.418,
40.43696600,-79.94810400,0.260,
40.43701640,-79.94810400,0.169,
40.43706680,-79.94810400,0.175,
40.43676440,-79.94805360,0.854,
40.43681480,-79.94805360,0.731,
40.43686520,-79.94805360,0.562,
40.43691560,-79.94805360,0.370,
40.43696600,-79.94805360,0.199,
40.43701640,-79.94805360,0.100,
40.43706680,-79.94805360,0.104,
40.43676440,-79.94800320,0.845,
40.43681480,-79.94800320,0.716,
40.43686520,-79.94800320,0.540,
40.43691560,-79.94800320,0.340,
40.43696600,-79.94800320,0.162,
40.43701640,-79.94800320,0.056,
40.43706680,-79.94800320,0.056,
40.43676440,-79.94795280,0.838,
40.43681480,-79.94795280,0.707,
40.43686520,-79.94795280,0.528,
40.43691560,-79.94795280,0.325,
40.43696600,-79.94795280,0.143,
40.43701640,-79.94795280,0.033,
40.43706680,-79.94795280,0.029,
40.43676440,-79.94790240,0.831,
40.43681480,-79.94790240,0.699,
40.43686520,-79.94790240,0.520,
40.43691560,-79.94790240,0.319,
40.43696600,-79.94790240,0.137,
40.43701640,-79.94790240,0.025,
40.43706680,-79.94790240,0.014,
40.43676440,-79.94785200,0.820,
40.43681480,-79.94785200,0.688,
40.43686520,-79.94785200,0.512,
40.43691560,-79.94785200,0.315,
40.43696600,-79.94785200,0.137,
40.43701640,-79.94785200,0.024,
40.43706680,-79.94785200,0.008,
40.43676440,-79.94780160,0.803,
40.43681480,-79.94780160,0.671,
40.43686520,-79.94780160,0.499,
40.43691560,-79.94780160,0.308,
40.43696600,-79.94780160,0.136,
40.43701640,-79.94780160,0.026,
40.43706680,-79.94780160,0.004,
40.43676440,-79.94775120,0.777,
40.43681480,-79.94775120,0.645,
40.43686520,-79.94775120,0.478,
40.43691560,-79.94775120,0.296,
40.43696600,-79.94775120,0.134,
40.43701640,-79.94775120,0.028,
40.43706680,-79.94775120,0.003,
40.43676440,-79.94770080,0.740,
40.43681480,-79.94770080,0.608,
40.43686520,-79.94770080,0.447,
40.43691560,-79.94770080,0.277,
40.43696600,-79.94770080,0.128,
40.43701640,-79.94770080,0.030,
40.43706680,-79.94770080,0.001,
40.43676440,-79.94765040,0.692,
40.43681480,-79.94765040,0.558,
40.43686520,-79.94765040,0.406,
40.43691560,-79.94765040,0.251,
40.43696600,-79.94765040,0.118,
40.43701640,-79.94765040,0.030,
40.43706680,-79.94765040,0.001,
40.43711720,-79.94765040,0.027,
40.43676440,-79.94760000,0.633,
40.43681480,-79.94760000,0.497,
40.43686520,-79.94760000,0.355,
40.43691560,-79.94760000,0.218,
40.43696600,-79.94760000,0.103,
40.43701640,-79.94760000,0.029,
40.43706680,-79.94760000,0.001,
40.43711720,-79.94760000,0.016,
40.43681480,-79.94754960,0.426,
40.43686520,-79.94754960,0.295,
40.43691560,-79.94754960,0.178,
40.43696600,-79.94754960,0.086,
40.43701640,-79.94754960,0.026,
40.43706680,-79.94754960,0.002,
40.43711720,-79.94754960,0.009,
40.43681480,-79.94749920,0.348,
40.43686520,-79.94749920,0.229,
40.43691560,-79.94749920,0.134,
40.43696600,-79.94749920,0.064,
40.43701640,-79.94749920,0.021,
40.43706680,-79.94749920,0.002,
40.43711720,-79.94749920,0.005,
40.43681480,-79.94744880,0.272,
40.43686520,-79.94744880,0.163,
40.43691560,-79.94744880,0.089,
40.43696600,-79.94744880,0.041,
40.43701640,-79.94744880,0.014,
40.43706680,-79.94744880,0.002,
40.43711720,-79.94744880,0.003,
40.43686520,-79.94739840,0.104,
40.43691560,-79.94739840,0.048,
40.43696600,-79.94739840,0.020,
40.43701640,-79.94739840,0.007,
40.43706680,-79.94739840,0.001,
40.43711720,-79.94739840,0.003,
40.43686520,-79.94734800,0.063,
40.43691560,-79.94734800,0.019,
40.43696600,-79.94734800,0.005,
40.43701640,-79.94734800,0.001,
40.43706680,-79.94734800,0.001,
40.43711720,-79.94734800,0.007,
40.43691560,-79.94729760,0.011,
40.43696600,-79.94729760,0.003,
40.43701640,-79.94729760,0.004,
40.43706680,-79.94729760,0.007,
40.43711720,-79.94729760,0.016,
40.43711720,-79.94724720,0.037,
