40.43656280,-79.94906160,1.000,
40.43661320,-79.94906160,1.000,
40.43666360,-79.94906160,1.000,
40.43671400,-79.94906160,1.000,
40.43701640,-79.94906160,1.000,
40.43706680,-79.94906160,1.000,
40.43711720,-79.94906160,1.000,
40.43651240,-79.94901120,1.000,
40.43656280,-79.94901120,1.000,
40.43661320,-79.94901120,1.000,
40.43666360,-79.94901120,1.000,
40.43671400,-79.94901120,1.000,
40.43676440,-79.94901120,1.000,
40.43681480,-79.94901120,1.000,
40.43686520,-79.94901120,1.000,
40.43691560,-79.94901120,1.000,
40.43696600,-79.94901120,1.000,
40.43701640,-79.94901120,1.000,
40.43706680,-79.94901120,1.000,
40.43711720,-79.94901120,1.000,
40.43716760,-79.94901120,1.000,
40.43651240,-79.94896080,1.000,
40.43656280,-79.94896080,1.000,
40.43661320,-79.94896080,1.000,
40.43666360,-79.94896080,1.000,
40.43671400,-79.94896080,1.000,
40.43676440,-79.94896080,1.000,
40.43681480,-79.94896080,1.000,
40.43686520,-79.94896080,1.000,
40.43691560,-79.94896080,1.000,
40.43696600,-79.94896080,1.000,
40.43701640,-79.94896080,1.000,
40.43706680,-79.94896080,1.000,
40.43711720,-79.94896080,1.000,
40.43716760,-79.94896080,1.000,
40.43651240,-79.94891040,1.000,
40.43656280,-79.94891040,1.000,
40.43661320,-79.94891040,1.000,
40.43666360,-79.94891040,1.000,
40.43671400,-79.94891040,1.000,
40.43676440,-79.94891040,1.000,
40.43681480,-79.94891040,1.000,
40.43686520,-79.94891040,1.000,
40.43691560,-79.94891040,0.999,
40.43696600,-79.94891040,0.999,
40.43701640,-79.94891040,0.999,
40.43706680,-79.94891040,0.999,
40.43711720,-79.94891040,0.999,
40.43716760,-79.94891040,0.999,
40.43651240,-79.94886000,1.000,
40.43656280,-79.94886000,1.000,
40.43661320,-79.94886000,1.000,
40.43666360,-79.94886000,1.000,
40.43671400,-79.94886000,1.000,
40.43676440,-79.94886000,1.000,
40.43681480,-79.94886000,1.000,
40.43686520,-79.94886000,0.999,
40.43691560,-79.94886000,0.998,
40.43696600,-79.94886000,0.997,
40.43701640,-79.94886000,0.997,
40.43706680,-79.94886000,0.997,
40.43711720,-79.94886000,0.998,
40.43716760,-79.94886000,0.999,
40.43651240,-79.94880960,1.000,
40.43656280,-79.94880960,1.000,
40.43661320,-79.94880960,1.000,
40.43666360,-79.94880960,1.000,
40.43671400,-79.94880960,1.000,
40.43676440,-79.94880960,1.000,
40.43681480,-79.94880960,0.999,
40.43686520,-79.94880960,0.997,
40.43691560,-79.94880960,0.995,
40.43696600,-79.94880960,0.993,
40.43701640,-79.94880960,0.992,
40.43706680,-79.94880960,0.992,
40.43711720,-79.94880960,0.994,
40.43716760,-79.94880960,0.997,
40.43656280,-79.94875920,1.000,
40.43661320,-79.94875920,1.000,
40.43666360,-79.94875920,1.000,
40.43671400,-79.94875920,1.000,
40.43676440,-79.94875920,0.999,
40.43681480,-79.94875920,0.997,
40.43686520,-79.94875920,0.994,
40.43691560,-79.94875920,0.989,
40.43696600,-79.94875920,0.984,
40.43701640,-79.94875920,0.981,
40.43706680,-79.94875920,0.983,
40.43711720,-79.94875920,0.988,
40.43716760,-79.94875920,0.993,
40.43661320,-79.94870880,1.000,
40.43666360,-79.94870880,1.000,
40.43671400,-79.94870880,0.999,
40.43676440,-79.94870880,0.998,
40.43681480,-79.94870880,0.995,
40.43686520,-79.94870880,0.987,
40.43691560,-79.94870880,0.977,
40.43696600,-79.94870880,0.966,
40.43701640,-79.94870880,0.961,
40.43706680,-79.94870880,0.964,
40.43711720,-79.94870880,0.974,
40.43716760,-79.94870880,0.985,
40.43666360,-79.94865840,1.000,
40.43671400,-79.94865840,0.999,
40.43676440,-79.94865840,0.996,
40.43681480,-79.94865840,0.989,
40.43686520,-79.94865840,0.975,
40.43691560,-79.94865840,0.955,
40.43696600,-79.94865840,0.935,
40.43701640,-79.94865840,0.925,
40.43706680,-79.94865840,0.931,
40.43711720,-79.94865840,0.951,
40.43666360,-79.94860800,1.000,
40.43671400,-79.94860800,0.998,
40.43676440,-79.94860800,0.993,
40.43681480,-79.94860800,0.981,
40.43686520,-79.94860800,0.956,
40.43691560,-79.94860800,0.919,
40.43696600,-79.94860800,0.883,
40.43701640,-79.94860800,0.866,
40.43706680,-79.94860800,0.878,
40.43711720,-79.94860800,0.913,
40.43671400,-79.94855760,0.997,
40.43676440,-79.94855760,0.989,
40.43681480,-79.94855760,0.968,
40.43686520,-79.94855760,0.927,
40.43691560,-79.94855760,0.867,
40.43696600,-79.94855760,0.808,
40.43701640,-79.94855760,0.780,
40.43706680,-79.94855760,0.801,
40.43711720,-79.94855760,0.857,
40.43671400,-79.94850720,0.995,
40.43676440,-79.94850720,0.983,
40.43681480,-79.94850720,0.951,
40.43686520,-79.94850720,0.888,
40.43691560,-79.94850720,0.797,
40.43696600,-79.94850720,0.707,
40.43701640,-79.94850720,0.666,
40.43706680,-79.94850720,0.698,
40.43676440,-79.94845680,0.976,
40.43681480,-79.94845680,0.931,
40.43686520,-79.94845680,0.842,
40.43691560,-79.94845680,0.713,
40.43696600,-79.94845680,0.587,
40.43701640,-79.94845680,0.530,
40.43706680,-79.94845680,0.576,
40.43676440,-79.94840640,0.968,
40.43681480,-79.94840640,0.909,
40.43686520,-79.94840640,0.792,
40.43691560,-79.94840640,0.624,
40.43696600,-79.94840640,0.461,
40.43701640,-79.94840640,0.387,
40.43706680,-79.94840640,0.447,
40.43676440,-79.94835600,0.961,
40.43681480,-79.94835600,0.889,
40.43686520,-79.94835600,0.747,
40.43691560,-79.94835600,0.543,
40.43696600,-79.94835600,0.344,
40.43701640,-79.94835600,0.253,
40.43706680,-79.94835600,0.325,
40.43676440,-79.94830560,0.956,
40.43681480,-79.94830560,0.874,
40.43686520,-79.94830560,0.713,
40.43691560,-79.94830560,0.480,
40.43696600,-79.94830560,0.252,
40.43701640,-79.94830560,0.145,
40.43706680,-79.94830560,0.224,
40.43676440,-79.94825520,0.954,
40.43681480,-79.94825520,0.866,
40.43686520,-79.94825520,0.693,
40.43691560,-79.94825520,0.441,
40.43696600,-79.94825520,0.192,
40.43701640,-79.94825520,0.071,
40.43706680,-79.94825520,0.150,
40.43676440,-79.94820480,0.953,
40.43681480,-79.94820480,0.865,
40.43686520,-79.94820480,0.688,
40.43691560,-79.94820480,0.428,
40.43696600,-79.94820480,0.165,
40.43701640,-79.94820480,0.030,
40.43706680,-79.94820480,0.102,
40.43676440,-79.94815440,0.955,
40.43681480,-79.94815440,0.869,
40.43686520,-79.94815440,0.694,
40.43691560,-79.94815440,0.433,
40.43696600,-79.94815440,0.163,
40.43701640,-79.94815440,0.014,
40.43706680,-79.94815440,0.074,
40.43676440,-79.94810400,0.958,
40.43681480,-79.94810400,0.876,
40.43686520,-79.94810400,0.707,
40.43691560,-79.94810400,0.450,
40.43696600,-79.94810400,0.175,
40.43701640,-79.94810400,0.013,
40.43706680,-79.94810400,0.056,
40.43676440,-79.94805360,0.961,
40.43681480,-79.94805360,0.884,
40.43686520,-79.94805360,0.722,
40.43691560,-79.94805360,0.469,
40.43696600,-79.94805360,0.192,
40.43701640,-79.94805360,0.017,
40.43706680,-79.94805360,0.044,
40.43676440,-79.94800320,0.964,
40.43681480,-79.94800320,0.890,
40.43686520,-79.94800320,0.735,
40.43691560,-79.94800320,0.488,
40.43696600,-79.94800320,0.209,
40.43701640,-79.94800320,0.024,
40.43706680,-79.94800320,0.034,
40.43676440,-79.94795280,0.965,
40.43681480,-79.94795280,0.895,
40.43686520,-79.94795280,0.745,
40.43691560,-79.94795280,0.503,
40.43696600,-79.94795280,0.225,
40.43701640,-79.94795280,0.031,
40.43706680,-79.94795280,0.026,
40.43676440,-79.94790240,0.965,
40.43681480,-79.94790240,0.897,
40.43686520,-79.94790240,0.751,
40.43691560,-79.94790240,0.514,
40.43696600,-79.94790240,0.237,
40.43701640,-79.94790240,0.038,
40.43706680,-79.94790240,0.019,
40.43676440,-79.94785200,0.963,
40.43681480,-79.94785200,0.895,
40.43686520,-79.94785200,0.751,
40.43691560,-79.94785200,0.519,
40.43696600,-79.94785200,0.247,
40.43701640,-79.94785200,0.045,
40.43706680,-79.94785200,0.013,
40.43676440,-79.94780160,0.957,
40.43681480,-79.94780160,0.886,
40.43686520,-79.94780160,0.744,
40.43691560,-79.94780160,0.518,
40.43696600,-79.94780160,0.253,
40.43701640,-79.94780160,0.051,
40.43706680,-79.94780160,0.008,
40.43676440,-79.94775120,0.945,
40.43681480,-79.94775120,0.869,
40.43686520,-79.94775120,0.727,
40.43691560,-79.94775120,0.507,
40.43696600,-79.94775120,0.253,
40.43701640,-79.94775120,0.056,
40.43706680,-79.94775120,0.004,
40.43676440,-79.94770080,0.925,
40.43681480,-79.94770080,0.840,
40.43686520,-79.94770080,0.695,
40.43691560,-79.94770080,0.485,
40.43696600,-79.94770080,0.245,
40.43701640,-79.94770080,0.060,
40.43706680,-79.94770080,0.002,
40.43676440,-79.94765040,0.895,
40.43681480,-79.94765040,0.795,
40.43686520,-79.94765040,0.647,
40.43691560,-79.94765040,0.449,
40.43696600,-79.94765040,0.230,
40.43701640,-79.94765040,0.061,
40.43706680,-79.94765040,0.002,
40.43711720,-79.94765040,0.053,
40.43676440,-79.94760000,0.853,
40.43681480,-79.94760000,0.733,
40.43686520,-79.94760000,0.579,
40.43691560,-79.94760000,0.396,
40.43696600,-79.94760000,0.206,
40.43701640,-79.94760000,0.059,
40.43706680,-79.94760000,0.002,
40.43711720,-79.94760000,0.033,
40.43681480,-79.94754960,0.654,
40.43686520,-79.94754960,0.492,
40.43691560,-79.94754960,0.329,
40.43696600,-79.94754960,0.172,
40.43701640,-79.94754960,0.053,
40.43706680,-79.94754960,0.003,
40.43711720,-79.94754960,0.018,
40.43681480,-79.94749920,0.564,
40.43686520,-79.94749920,0.392,
40.43691560,-79.94749920,0.249,
40.43696600,-79.94749920,0.130,
40.43701640,-79.94749920,0.043,
40.43706680,-79.94749920,0.004,
40.43711720,-79.94749920,0.009,
40.43681480,-79.94744880,0.472,
40.43686520,-79.94744880,0.289,
40.43691560,-79.94744880,0.165,
40.43696600,-79.94744880,0.083,
40.43701640,-79.94744880,0.029,
40.43706680,-79.94744880,0.004,
40.43711720,-79.94744880,0.005,
40.43686520,-79.94739840,0.198,
40.43691560,-79.94739840,0.089,
40.43696600,-79.94739840,0.039,
40.43701640,-79.94739840,0.013,
40.43706680,-79.94739840,0.002,
40.43711720,-79.94739840,0.006,
40.43686520,-79.94734800,0.137,
40.43691560,-79.94734800,0.037,
40.43696600,-79.94734800,0.009,
40.43701640,-79.94734800,0.002,
40.43706680,-79.94734800,0.002,
40.43711720,-79.94734800,0.013,
40.43691560,-79.94729760,0.024,
40.43696600,-79.94729760,0.005,
40.43701640,-79.94729760,0.007,
40.43706680,-79.94729760,0.012,
40.43711720,-79.94729760,0.031,
40.43711720,-79.94724720,0.071,
