40.43656280,-79.94906160,0.538,
40.43661320,-79.94906160,0.538,
40.43666360,-79.94906160,0.538,
40.43671400,-79.94906160,0.544,
40.43701640,-79.94906160,0.164,
40.43706680,-79.94906160,0.103,
40.43711720,-79.94906160,0.043,
40.43651240,-79.94901120,0.538,
40.43656280,-79.94901120,0.538,
40.43661320,-79.94901120,0.538,
40.43666360,-79.94901120,0.538,
40.43671400,-79.94901120,0.541,
40.43676440,-79.94901120,0.633,
40.43681480,-79.94901120,0.935,
40.43686520,-79.94901120,0.991,
40.43691560,-79.94901120,0.905,
40.43696600,-79.94901120,0.474,
40.43701640,-79.94901120,0.145,
40.43706680,-79.94901120,0.087,
40.43711720,-79.94901120,0.033,
40.43716760,-79.94901120,0.140,
40.43651240,-79.94896080,0.538,
40.43656280,-79.94896080,0.538,
40.43661320,-79.94896080,0.538,
40.43666360,-79.94896080,0.538,
40.43671400,-79.94896080,0.540,
40.43676440,-79.94896080,0.590,
40.43681480,-79.94896080,0.883,
40.43686520,-79.94896080,0.985,
40.43691560,-79.94896080,0.902,
40.43696600,-79.94896080,0.461,
40.43701640,-79.94896080,0.127,
40.43706680,-79.94896080,0.072,
40.43711720,-79.94896080,0.024,
40.43716760,-79.94896080,0.138,
40.43651240,-79.94891040,0.538,
40.43656280,-79.94891040,0.538,
40.43661320,-79.94891040,0.538,
40.43666360,-79.94891040,0.538,
40.43671400,-79.94891040,0.539,
40.43676440,-79.94891040,0.566,
40.43681480,-79.94891040,0.814,
40.43686520,-79.94891040,0.975,
40.43691560,-79.94891040,0.899,
40.43696600,-79.94891040,0.449,
40.43701640,-79.94891040,0.111,
40.43706680,-79.94891040,0.058,
40.43711720,-79.94891040,0.017,
40.43716760,-79.94891040,0.139,
40.43651240,-79.94886000,0.538,
40.43656280,-79.94886000,0.538,
40.43661320,-79.94886000,0.538,
40.43666360,-79.94886000,0.538,
40.43671400,-79.94886000,0.538,
40.43676440,-79.94886000,0.552,
40.43681480,-79.94886000,0.738,
40.43686520,-79.94886000,0.956,
40.43691560,-79.94886000,0.894,
40.43696600,-79.94886000,0.437,
40.43701640,-79.94886000,0.095,
40.43706680,-79.94886000,0.046,
40.43711720,-79.94886000,0.011,
40.43716760,-79.94886000,0.140,
40.43651240,-79.94880960,0.538,
40.43656280,-79.94880960,0.538,
40.43661320,-79.94880960,0.538,
40.43666360,-79.94880960,0.538,
40.43671400,-79.94880960,0.538,
40.43676440,-79.94880960,0.545,
40.43681480,-79.94880960,0.669,
40.43686520,-79.94880960,0.924,
40.43691560,-79.94880960,0.888,
40.43696600,-79.94880960,0.426,
40.43701640,-79.94880960,0.082,
40.43706680,-79.94880960,0.036,
40.43711720,-79.94880960,0.008,
40.43716760,-79.94880960,0.145,
40.43656280,-79.94875920,0.538,
40.43661320,-79.94875920,0.538,
40.43666360,-79.94875920,0.538,
40.43671400,-79.94875920,0.538,
40.43676440,-79.94875920,0.541,
40.43681480,-79.94875920,0.617,
40.43686520,-79.94875920,0.878,
40.43691560,-79.94875920,0.879,
40.43696600,-79.94875920,0.416,
40.43701640,-79.94875920,0.069,
40.43706680,-79.94875920,0.028,
40.43711720,-79.94875920,0.007,
40.43716760,-79.94875920,0.151,
40.43661320,-79.94870880,0.538,
40.43666360,-79.94870880,0.538,
40.43671400,-79.94870880,0.538,
40.43676440,-79.94870880,0.538,
40.43681480,-79.94870880,0.580,
40.43686520,-79.94870880,0.815,
40.43691560,-79.94870880,0.864,
40.43696600,-79.94870880,0.407,
40.43701640,-79.94870880,0.058,
40.43706680,-79.94870880,0.021,
40.43711720,-79.94870880,0.007,
40.43716760,-79.94870880,0.158,
40.43666360,-79.94865840,0.538,
40.43671400,-79.94865840,0.538,
40.43676440,-79.94865840,0.536,
40.43681480,-79.94865840,0.556,
40.43686520,-79.94865840,0.743,
40.43691560,-79.94865840,0.840,
40.43696600,-79.94865840,0.397,
40.43701640,-79.94865840,0.048,
40.43706680,-79.94865840,0.015,
40.43711720,-79.94865840,0.010,
40.43666360,-79.94860800,0.538,
40.43671400,-79.94860800,0.537,
40.43676440,-79.94860800,0.534,
40.43681480,-79.94860800,0.538,
40.43686520,-79.94860800,0.669,
40.43691560,-79.94860800,0.804,
40.43696600,-79.94860800,0.387,
40.43701640,-79.94860800,0.040,
40.43706680,-79.94860800,0.012,
40.43711720,-79.94860800,0.014,
40.43671400,-79.94855760,0.537,
40.43676440,-79.94855760,0.532,
40.43681480,-79.94855760,0.525,
40.43686520,-79.94855760,0.602,
40.43691560,-79.94855760,0.754,
40.43696600,-79.94855760,0.375,
40.43701640,-79.94855760,0.033,
40.43706680,-79.94855760,0.009,
40.43711720,-79.94855760,0.021,
40.43671400,-79.94850720,0.536,
40.43676440,-79.94850720,0.529,
40.43681480,-79.94850720,0.514,
40.43686520,-79.94850720,0.546,
40.43691560,-79.94850720,0.691,
40.43696600,-79.94850720,0.360,
40.43701640,-79.94850720,0.027,
40.43706680,-79.94850720,0.008,
40.43676440,-79.94845680,0.527,
40.43681480,-79.94845680,0.503,
40.43686520,-79.94845680,0.499,
40.43691560,-79.94845680,0.618,
40.43696600,-79.94845680,0.342,
40.43701640,-79.94845680,0.022,
40.43706680,-79.94845680,0.009,
40.43676440,-79.94840640,0.524,
40.43681480,-79.94840640,0.493,
40.43686520,-79.94840640,0.460,
40.43691560,-79.94840640,0.542,
40.43696600,-79.94840640,0.320,
40.43701640,-79.94840640,0.018,
40.43706680,-79.94840640,0.011,
40.43676440,-79.94835600,0.522,
40.43681480,-79.94835600,0.484,
40.43686520,-79.94835600,0.428,
40.43691560,-79.94835600,0.469,
40.43696600,-79.94835600,0.294,
40.43701640,-79.94835600,0.015,
40.43706680,-79.94835600,0.015,
40.43676440,-79.94830560,0.519,
40.43681480,-79.94830560,0.475,
40.43686520,-79.94830560,0.403,
40.43691560,-79.94830560,0.406,
40.43696600,-79.94830560,0.266,
40.43701640,-79.94830560,0.015,
40.43706680,-79.94830560,0.020,
40.43676440,-79.94825520,0.517,
40.43681480,-79.94825520,0.469,
40.43686520,-79.94825520,0.384,
40.43691560,-79.94825520,0.355,
40.43696600,-79.94825520,0.239,
40.43701640,-79.94825520,0.015,
40.43706680,-79.94825520,0.027,
40.43676440,-79.94820480,0.516,
40.43681480,-79.94820480,0.466,
40.43686520,-79.94820480,0.373,
40.43691560,-79.94820480,0.317,
40.43696600,-79.94820480,0.214,
40.43701640,-79.94820480,0.016,
40.43706680,-79.94820480,0.034,
40.43676440,-79.94815440,0.516,
40.43681480,-79.94815440,0.465,
40.43686520,-79.94815440,0.369,
40.43691560,-79.94815440,0.294,
40.43696600,-79.94815440,0.194,
40.43701640,-79.94815440,0.019,
40.43706680,-79.94815440,0.042,
40.43676440,-79.94810400,0.517,
40.43681480,-79.94810400,0.468,
40.43686520,-79.94810400,0.372,
40.43691560,-79.94810400,0.283,
40.43696600,-79.94810400,0.181,
40.43701640,-79.94810400,0.022,
40.43706680,-79.94810400,0.048,
40.43676440,-79.94805360,0.518,
40.43681480,-79.94805360,0.471,
40.43686520,-79.94805360,0.380,
40.43691560,-79.94805360,0.283,
40.43696600,-79.94805360,0.175,
40.43701640,-79.94805360,0.026,
40.43706680,-79.94805360,0.054,
40.43676440,-79.94800320,0.520,
40.43681480,-79.94800320,0.477,
40.43686520,-79.94800320,0.391,
40.43691560,-79.94800320,0.289,
40.43696600,-79.94800320,0.174,
40.43701640,-79.94800320,0.030,
40.43706680,-79.94800320,0.059,
40.43676440,-79.94795280,0.522,
40.43681480,-79.94795280,0.483,
40.43686520,-79.94795280,0.402,
40.43691560,-79.94795280,0.299,
40.43696600,-79.94795280,0.178,
40.43701640,-79.94795280,0.036,
40.43706680,-79.94795280,0.064,
40.43676440,-79.94790240,0.523,
40.43681480,-79.94790240,0.487,
40.43686520,-79.94790240,0.411,
40.43691560,-79.94790240,0.309,
40.43696600,-79.94790240,0.183,
40.43701640,-79.94790240,0.042,
40.43706680,-79.94790240,0.068,
40.43676440,-79.94785200,0.522,
40.43681480,-79.94785200,0.488,
40.43686520,-79.94785200,0.416,
40.43691560,-79.94785200,0.315,
40.43696600,-79.94785200,0.187,
40.43701640,-79.94785200,0.049,
40.43706680,-79.94785200,0.073,
40.43676440,-79.94780160,0.519,
40.43681480,-79.94780160,0.484,
40.43686520,-79.94780160,0.414,
40.43691560,-79.94780160,0.316,
40.43696600,-79.94780160,0.191,
40.43701640,-79.94780160,0.056,
40.43706680,-79.94780160,0.078,
40.43676440,-79.94775120,0.513,
40.43681480,-79.94775120,0.474,
40.43686520,-79.94775120,0.404,
40.43691560,-79.94775120,0.310,
40.43696600,-79.94775120,0.191,
40.43701640,-79.94775120,0.062,
40.43706680,-79.94775120,0.084,
40.43676440,-79.94770080,0.504,
40.43681480,-79.94770080,0.457,
40.43686520,-79.94770080,0.384,
40.43691560,-79.94770080,0.295,
40.43696600,-79.94770080,0.187,
40.43701640,-79.94770080,0.069,
40.43706680,-79.94770080,0.091,
40.43676440,-79.94765040,0.490,
40.43681480,-79.94765040,0.432,
40.43686520,-79.94765040,0.354,
40.43691560,-79.94765040,0.272,
40.43696600,-79.94765040,0.180,
40.43701640,-79.94765040,0.075,
40.43706680,-79.94765040,0.100,
40.43711720,-79.94765040,0.171,
40.43676440,-79.94760000,0.473,
40.43681480,-79.94760000,0.400,
40.43686520,-79.94760000,0.314,
40.43691560,-79.94760000,0.240,
40.43696600,-79.94760000,0.169,
40.43701640,-79.94760000,0.081,
40.43706680,-79.94760000,0.112,
40.43711720,-79.94760000,0.178,
40.43681480,-79.94754960,0.362,
40.43686520,-79.94754960,0.265,
40.43691560,-79.94754960,0.202,
40.43696600,-79.94754960,0.156,
40.43701640,-79.94754960,0.086,
40.43706680,-79.94754960,0.125,
40.43711720,-79.94754960,0.190,
40.43681480,-79.94749920,0.321,
40.43686520,-79.94749920,0.213,
40.43691560,-79.94749920,0.160,
40.43696600,-79.94749920,0.142,
40.43701640,-79.94749920,0.093,
40.43706680,-79.94749920,0.142,
40.43711720,-79.94749920,0.207,
40.43681480,-79.94744880,0.282,
40.43686520,-79.94744880,0.163,
40.43691560,-79.94744880,0.121,
40.43696600,-79.94744880,0.130,
40.43701640,-79.94744880,0.101,
40.43706680,-79.94744880,0.161,
40.43711720,-79.94744880,0.229,
40.43686520,-79.94739840,0.122,
40.43691560,-79.94739840,0.090,
40.43696600,-79.94739840,0.125,
40.43701640,-79.94739840,0.113,
40.43706680,-79.94739840,0.184,
40.43711720,-79.94739840,0.257,
40.43686520,-79.94734800,0.097,
40.43691560,-79.94734800,0.075,
40.43696600,-79.94734800,0.131,
40.43701640,-79.94734800,0.131,
40.43706680,-79.94734800,0.211,
40.43711720,-79.94734800,0.291,
40.43691560,-79.94729760,0.080,
40.43696600,-79.94729760,0.152,
40.43701640,-79.94729760,0.157,
40.43706680,-79.94729760,0.243,
40.43711720,-79.94729760,0.330,
40.43711720,-79.94724720,0.376,
