40.43656280,-79.94906160,1.000,
40.43661320,-79.94906160,1.000,
40.43666360,-79.94906160,1.000,
40.43671400,-79.94906160,1.000,
40.43701640,-79.94906160,1.000,
40.43706680,-79.94906160,1.000,
40.43711720,-79.94906160,1.000,
40.43651240,-79.94901120,1.000,
40.43656280,-79.94901120,1.000,
40.43661320,-79.94901120,1.000,
40.43666360,-79.94901120,1.000,
40.43671400,-79.94901120,1.000,
40.43676440,-79.94901120,1.000,
40.43681480,-79.94901120,1.000,
40.43686520,-79.94901120,1.000,
40.43691560,-79.94901120,1.000,
40.43696600,-79.94901120,0.999,
40.43701640,-79.94901120,0.999,
40.43706680,-79.94901120,0.999,
40.43711720,-79.94901120,0.999,
40.43716760,-79.94901120,1.000,
40.43651240,-79.94896080,1.000,
40.43656280,-79.94896080,1.000,
40.43661320,-79.94896080,1.000,
40.43666360,-79.94896080,1.000,
40.43671400,-79.94896080,1.000,
40.43676440,-79.94896080,1.000,
40.43681480,-79.94896080,1.000,
40.43686520,-79.94896080,0.999,
40.43691560,-79.94896080,0.999,
40.43696600,-79.94896080,0.999,
40.43701640,-79.94896080,0.999,
40.43706680,-79.94896080,0.999,
40.43711720,-79.94896080,0.999,
40.43716760,-79.94896080,0.999,
40.43651240,-79.94891040,1.000,
40.43656280,-79.94891040,1.000,
40.43661320,-79.94891040,1.000,
40.43666360,-79.94891040,1.000,
40.43671400,-79.94891040,1.000,
40.43676440,-79.94891040,1.000,
40.43681480,-79.94891040,0.999,
40.43686520,-79.94891040,0.999,
40.43691560,-79.94891040,0.998,
40.43696600,-79.94891040,0.998,
40.43701640,-79.94891040,0.997,
40.43706680,-79.94891040,0.997,
40.43711720,-79.94891040,0.998,
40.43716760,-79.94891040,0.998,
40.43651240,-79.94886000,1.000,
40.43656280,-79.94886000,1.000,
40.43661320,-79.94886000,1.000,
40.43666360,-79.94886000,1.000,
40.43671400,-79.94886000,1.000,
40.43676440,-79.94886000,1.000,
40.43681480,-79.94886000,0.999,
40.43686520,-79.94886000,0.998,
40.43691560,-79.94886000,0.997,
40.43696600,-79.94886000,0.996,
40.43701640,-79.94886000,0.995,
40.43706680,-79.94886000,0.995,
40.43711720,-79.94886000,0.996,
40.43716760,-79.94886000,0.997,
40.43651240,-79.94880960,1.000,
40.43656280,-79.94880960,1.000,
40.43661320,-79.94880960,1.000,
40.43666360,-79.94880960,1.000,
40.43671400,-79.94880960,1.000,
40.43676440,-79.94880960,0.999,
40.43681480,-79.94880960,0.998,
40.43686520,-79.94880960,0.997,
40.43691560,-79.94880960,0.995,
40.43696600,-79.94880960,0.993,
40.43701640,-79.94880960,0.992,
40.43706680,-79.94880960,0.992,
40.43711720,-79.94880960,0.993,
40.43716760,-79.94880960,0.994,
40.43656280,-79.94875920,1.000,
40.43661320,-79.94875920,1.000,
40.43666360,-79.94875920,1.000,
40.43671400,-79.94875920,0.999,
40.43676440,-79.94875920,0.999,
40.43681480,-79.94875920,0.997,
40.43686520,-79.94875920,0.995,
40.43691560,-79.94875920,0.991,
40.43696600,-79.94875920,0.988,
40.43701640,-79.94875920,0.986,
40.43706680,-79.94875920,0.986,
40.43711720,-79.94875920,0.987,
40.43716760,-79.94875920,0.990,
40.43661320,-79.94870880,1.000,
40.43666360,-79.94870880,1.000,
40.43671400,-79.94870880,0.999,
40.43676440,-79.94870880,0.998,
40.43681480,-79.94870880,0.995,
40.43686520,-79.94870880,0.991,
40.43691560,-79.94870880,0.986,
40.43696600,-79.94870880,0.981,
40.43701640,-79.94870880,0.977,
40.43706680,-79.94870880,0.977,
40.43711720,-79.94870880,0.979,
40.43716760,-79.94870880,0.984,
40.43666360,-79.94865840,0.999,
40.43671400,-79.94865840,0.998,
40.43676440,-79.94865840,0.996,
40.43681480,-79.94865840,0.992,
40.43686520,-79.94865840,0.985,
40.43691560,-79.94865840,0.977,
40.43696600,-79.94865840,0.969,
40.43701640,-79.94865840,0.963,
40.43706680,-79.94865840,0.963,
40.43711720,-79.94865840,0.967,
40.43666360,-79.94860800,0.999,
40.43671400,-79.94860800,0.997,
40.43676440,-79.94860800,0.994,
40.43681480,-79.94860800,0.987,
40.43686520,-79.94860800,0.977,
40.43691560,-79.94860800,0.964,
40.43696600,-79.94860800,0.952,
40.43701640,-79.94860800,0.943,
40.43706680,-79.94860800,0.942,
40.43711720,-79.94860800,0.949,
40.43671400,-79.94855760,0.996,
40.43676440,-79.94855760,0.991,
40.43681480,-79.94855760,0.981,
40.43686520,-79.94855760,0.966,
40.43691560,-79.94855760,0.947,
40.43696600,-79.94855760,0.928,
40.43701640,-79.94855760,0.915,
40.43706680,-79.94855760,0.913,
40.43711720,-79.94855760,0.923,
40.43671400,-79.94850720,0.994,
40.43676440,-79.94850720,0.987,
40.43681480,-79.94850720,0.972,
40.43686520,-79.94850720,0.950,
40.43691560,-79.94850720,0.923,
40.43696600,-79.94850720,0.895,
40.43701640,-79.94850720,0.877,
40.43706680,-79.94850720,0.875,
40.43676440,-79.94845680,0.981,
40.43681480,-79.94845680,0.961,
40.43686520,-79.94845680,0.930,
40.43691560,-79.94845680,0.891,
40.43696600,-79.94845680,0.853,
40.43701640,-79.94845680,0.828,
40.43706680,-79.94845680,0.825,
40.43676440,-79.94840640,0.974,
40.43681480,-79.94840640,0.946,
40.43686520,-79.94840640,0.904,
40.43691560,-79.94840640,0.852,
40.43696600,-79.94840640,0.800,
40.43701640,-79.94840640,0.767,
40.43706680,-79.94840640,0.763,
40.43676440,-79.94835600,0.965,
40.43681480,-79.94835600,0.929,
40.43686520,-79.94835600,0.874,
40.43691560,-79.94835600,0.804,
40.43696600,-79.94835600,0.737,
40.43701640,-79.94835600,0.694,
40.43706680,-79.94835600,0.689,
40.43676440,-79.94830560,0.955,
40.43681480,-79.94830560,0.908,
40.43686520,-79.94830560,0.838,
40.43691560,-79.94830560,0.750,
40.43696600,-79.94830560,0.666,
40.43701640,-79.94830560,0.611,
40.43706680,-79.94830560,0.606,
40.43676440,-79.94825520,0.943,
40.43681480,-79.94825520,0.886,
40.43686520,-79.94825520,0.799,
40.43691560,-79.94825520,0.691,
40.43696600,-79.94825520,0.588,
40.43701640,-79.94825520,0.521,
40.43706680,-79.94825520,0.515,
40.43676440,-79.94820480,0.930,
40.43681480,-79.94820480,0.861,
40.43686520,-79.94820480,0.757,
40.43691560,-79.94820480,0.629,
40.43696600,-79.94820480,0.507,
40.43701640,-79.94820480,0.429,
40.43706680,-79.94820480,0.422,
40.43676440,-79.94815440,0.916,
40.43681480,-79.94815440,0.835,
40.43686520,-79.94815440,0.715,
40.43691560,-79.94815440,0.568,
40.43696600,-79.94815440,0.428,
40.43701640,-79.94815440,0.339,
40.43706680,-79.94815440,0.332,
40.43676440,-79.94810400,0.901,
40.43681480,-79.94810400,0.809,
40.43686520,-79.94810400,0.674,
40.43691560,-79.94810400,0.510,
40.43696600,-79.94810400,0.354,
40.43701640,-79.94810400,0.256,
40.43706680,-79.94810400,0.248,
40.43676440,-79.94805360,0.885,
40.43681480,-79.94805360,0.783,
40.43686520,-79.94805360,0.635,
40.43691560,-79.94805360,0.458,
40.43696600,-79.94805360,0.290,
40.43701640,-79.94805360,0.185,
40.43706680,-79.94805360,0.176,
40.43676440,-79.94800320,0.868,
40.43681480,-79.94800320,0.758,
40.43686520,-79.94800320,0.600,
40.43691560,-79.94800320,0.413,
40.43696600,-79.94800320,0.238,
40.43701640,-79.94800320,0.127,
40.43706680,-79.94800320,0.117,
40.43676440,-79.94795280,0.849,
40.43681480,-79.94795280,0.732,
40.43686520,-79.94795280,0.568,
40.43691560,-79.94795280,0.376,
40.43696600,-79.94795280,0.198,
40.43701640,-79.94795280,0.085,
40.43706680,-79.94795280,0.072,
40.43676440,-79.94790240,0.827,
40.43681480,-79.94790240,0.704,
40.43686520,-79.94790240,0.538,
40.43691560,-79.94790240,0.347,
40.43696600,-79.94790240,0.169,
40.43701640,-79.94790240,0.057,
40.43706680,-79.94790240,0.041,
40.43676440,-79.94785200,0.801,
40.43681480,-79.94785200,0.674,
40.43686520,-79.94785200,0.509,
40.43691560,-79.94785200,0.321,
40.43696600,-79.94785200,0.150,
40.43701640,-79.94785200,0.040,
40.43706680,-79.94785200,0.022,
40.43676440,-79.94780160,0.770,
40.43681480,-79.94780160,0.640,
40.43686520,-79.94780160,0.477,
40.43691560,-79.94780160,0.298,
40.43696600,-79.94780160,0.136,
40.43701640,-79.94780160,0.032,
40.43706680,-79.94780160,0.010,
40.43676440,-79.94775120,0.733,
40.43681480,-79.94775120,0.599,
40.43686520,-79.94775120,0.442,
40.43691560,-79.94775120,0.275,
40.43696600,-79.94775120,0.125,
40.43701640,-79.94775120,0.029,
40.43706680,-79.94775120,0.005,
40.43676440,-79.94770080,0.690,
40.43681480,-79.94770080,0.552,
40.43686520,-79.94770080,0.401,
40.43691560,-79.94770080,0.248,
40.43696600,-79.94770080,0.114,
40.43701640,-79.94770080,0.027,
40.43706680,-79.94770080,0.002,
40.43676440,-79.94765040,0.641,
40.43681480,-79.94765040,0.498,
40.43686520,-79.94765040,0.354,
40.43691560,-79.94765040,0.217,
40.43696600,-79.94765040,0.102,
40.43701640,-79.94765040,0.026,
40.43706680,-79.94765040,0.002,
40.43711720,-79.94765040,0.022,
40.43676440,-79.94760000,0.588,
40.43681480,-79.94760000,0.440,
40.43686520,-79.94760000,0.302,
40.43691560,-79.94760000,0.182,
40.43696600,-79.94760000,0.086,
40.43701640,-79.94760000,0.024,
40.43706680,-79.94760000,0.002,
40.43711720,-79.94760000,0.014,
40.43681480,-79.94754960,0.379,
40.43686520,-79.94754960,0.247,
40.43691560,-79.94754960,0.144,
40.43696600,-79.94754960,0.068,
40.43701640,-79.94754960,0.021,
40.43706680,-79.94754960,0.002,
40.43711720,-79.94754960,0.008,
40.43681480,-79.94749920,0.319,
40.43686520,-79.94749920,0.193,
40.43691560,-79.94749920,0.106,
40.43696600,-79.94749920,0.049,
40.43701640,-79.94749920,0.016,
40.43706680,-79.94749920,0.003,
40.43711720,-79.94749920,0.005,
40.43681480,-79.94744880,0.265,
40.43686520,-79.94744880,0.143,
40.43691560,-79.94744880,0.070,
40.43696600,-79.94744880,0.030,
40.43701640,-79.94744880,0.010,
40.43706680,-79.94744880,0.002,
40.43711720,-79.94744880,0.004,
40.43686520,-79.94739840,0.102,
40.43691560,-79.94739840,0.040,
40.43696600,-79.94739840,0.015,
40.43701640,-79.94739840,0.005,
40.43706680,-79.94739840,0.002,
40.43711720,-79.94739840,0.004,
40.43686520,-79.94734800,0.075,
40.43691560,-79.94734800,0.021,
40.43696600,-79.94734800,0.005,
40.43701640,-79.94734800,0.002,
40.43706680,-79.94734800,0.002,
40.43711720,-79.94734800,0.007,
40.43691560,-79.94729760,0.015,
40.43696600,-79.94729760,0.003,
40.43701640,-79.94729760,0.003,
40.43706680,-79.94729760,0.005,
40.43711720,-79.94729760,0.012,
40.43711720,-79.94724720,0.024,
